-2.021000000000000085e+01
-2.021000000000000085e+01
-2.021000000000000085e+01
-2.021000000000000085e+01
-2.021000000000000085e+01
-2.021000000000000085e+01
-2.021000000000000085e+01
-2.021000000000000085e+01
-2.021000000000000085e+01
-2.021000000000000085e+01
-2.021000000000000085e+01
-2.021000000000000085e+01
-2.021000000000000085e+01
-2.021000000000000085e+01
-2.021000000000000085e+01
-2.021000000000000085e+01
-2.021000000000000085e+01
-2.021000000000000085e+01
-2.021000000000000085e+01
-2.021000000000000085e+01
-2.017000000000000171e+01
-2.010999999999999943e+01
-2.005999999999999872e+01
-2.003999999999999915e+01
-1.992000000000000171e+01
-1.989999999999999858e+01
-1.989999999999999858e+01
-1.989999999999999858e+01
-1.989000000000000057e+01
-1.989000000000000057e+01
-1.989000000000000057e+01
-1.989000000000000057e+01
-1.989000000000000057e+01
-1.989000000000000057e+01
-1.989000000000000057e+01
-1.989000000000000057e+01
-1.969999999999999929e+01
-1.960999999999999943e+01
-1.953000000000000114e+01
-1.937999999999999901e+01
-1.926000000000000156e+01
-1.912999999999999901e+01
-1.898999999999999844e+01
