1.940000000000000058e-01
1.930000000000000049e-01
1.920000000000000040e-01
1.910000000000000031e-01
1.900000000000000022e-01
1.890000000000000013e-01
1.880000000000000004e-01
1.869999999999999996e-01
1.859999999999999987e-01
1.849999999999999978e-01
1.839999999999999969e-01
1.829999999999999960e-01
1.820000000000000229e-01
1.809999999999999942e-01
1.799999999999999933e-01
1.790000000000000202e-01
1.780000000000000193e-01
1.770000000000000184e-01
1.760000000000000175e-01
1.750000000000000167e-01
1.740000000000000158e-01
1.730000000000000149e-01
1.720000000000000140e-01
1.710000000000000131e-01
1.700000000000000122e-01
1.690000000000000113e-01
1.680000000000000104e-01
1.670000000000000095e-01
1.660000000000000087e-01
1.650000000000000078e-01
1.640000000000000069e-01
1.630000000000000060e-01
1.620000000000000051e-01
1.610000000000000042e-01
1.600000000000000033e-01
1.590000000000000024e-01
1.580000000000000016e-01
1.570000000000000007e-01
1.559999999999999998e-01
1.549999999999999989e-01
1.539999999999999980e-01
1.530000000000000249e-01
1.520000000000000240e-01
1.510000000000000231e-01
1.500000000000000222e-01
1.490000000000000213e-01
1.480000000000000204e-01
1.470000000000000195e-01
1.460000000000000187e-01
1.450000000000000178e-01
1.440000000000000169e-01
1.430000000000000160e-01
