5.409999999999999254e-01
5.320000000000000284e-01
5.229999999999999094e-01
5.140000000000000124e-01
5.049999999999998934e-01
4.959999999999998854e-01
4.869999999999999885e-01
4.779999999999999805e-01
4.689999999999999725e-01
4.599999999999999645e-01
4.509999999999999565e-01
4.419999999999999485e-01
4.329999999999999405e-01
4.239999999999999325e-01
4.149999999999999245e-01
4.059999999999999165e-01
3.969999999999999085e-01
3.879999999999999005e-01
3.790000000000000036e-01
3.699999999999999956e-01
3.609999999999999876e-01
3.519999999999999796e-01
3.429999999999999716e-01
3.339999999999999636e-01
3.249999999999999556e-01
3.159999999999999476e-01
3.069999999999999396e-01
2.979999999999999316e-01
2.889999999999999236e-01
2.799999999999999156e-01
2.709999999999999076e-01
2.620000000000000107e-01
2.530000000000000027e-01
2.439999999999999947e-01
2.349999999999999867e-01
2.259999999999999787e-01
2.169999999999999707e-01
2.079999999999999627e-01
1.989999999999999547e-01
1.899999999999999467e-01
1.809999999999999387e-01
1.719999999999999307e-01
1.629999999999999227e-01
