-2.037999999999999901e+01
-2.033999999999999986e+01
-2.037000000000000099e+01
-2.035000000000000142e+01
-2.041000000000000014e+01
-2.037999999999999901e+01
-2.039000000000000057e+01
-2.039999999999999858e+01
-2.037999999999999901e+01
-2.037000000000000099e+01
-2.039000000000000057e+01
-2.037000000000000099e+01
-2.032000000000000028e+01
-2.032999999999999829e+01
-2.033999999999999986e+01
-2.032000000000000028e+01
-2.026000000000000156e+01
-2.023999999999999844e+01
-2.025000000000000000e+01
-2.021999999999999886e+01
-2.017000000000000171e+01
-2.014000000000000057e+01
-2.005999999999999872e+01
-2.003999999999999915e+01
-1.992000000000000171e+01
-1.992000000000000171e+01
-1.996999999999999886e+01
-1.994999999999999929e+01
-1.989999999999999858e+01
-1.994999999999999929e+01
-1.996999999999999886e+01
-1.994999999999999929e+01
-1.992999999999999972e+01
-2.001000000000000156e+01
-1.994000000000000128e+01
-1.989999999999999858e+01
-1.969999999999999929e+01
-1.960999999999999943e+01
-1.953000000000000114e+01
-1.937999999999999901e+01
-1.926999999999999957e+01
-1.912999999999999901e+01
-1.898999999999999844e+01
