-2.067999999999999972e+01
-2.075000000000000000e+01
-2.078000000000000114e+01
-2.085000000000000142e+01
-2.087999999999999901e+01
-2.087999999999999901e+01
-2.082999999999999829e+01
-2.082999999999999829e+01
-2.085000000000000142e+01
-2.083999999999999986e+01
-2.076999999999999957e+01
-2.069999999999999929e+01
-2.060000000000000142e+01
-2.057000000000000028e+01
-2.051999999999999957e+01
-2.046999999999999886e+01
-2.057000000000000028e+01
-2.050000000000000000e+01
-2.060999999999999943e+01
-2.044999999999999929e+01
-2.039000000000000057e+01
-2.030000000000000071e+01
-2.023999999999999844e+01
-2.033999999999999986e+01
-2.028000000000000114e+01
-2.032000000000000028e+01
-2.030000000000000071e+01
-2.025000000000000000e+01
-2.019999999999999929e+01
-2.008999999999999986e+01
-1.998000000000000043e+01
-1.992000000000000171e+01
-1.980000000000000071e+01
-1.987000000000000099e+01
-1.989000000000000057e+01
-1.991000000000000014e+01
-1.996999999999999886e+01
-1.991000000000000014e+01
-1.987999999999999901e+01
-1.980999999999999872e+01
-1.973000000000000043e+01
-1.964999999999999858e+01
-1.950000000000000000e+01
-1.948000000000000043e+01
-1.951000000000000156e+01
-1.962000000000000099e+01
-1.962000000000000099e+01
-1.964999999999999858e+01
-1.969000000000000128e+01
-1.960999999999999943e+01
-1.944000000000000128e+01
-1.951000000000000156e+01
