-2.039999999999999858e+01
-2.039999999999999858e+01
-2.039999999999999858e+01
-2.039999999999999858e+01
-2.039999999999999858e+01
-2.039999999999999858e+01
-2.039999999999999858e+01
-2.039999999999999858e+01
-2.039999999999999858e+01
-2.039999999999999858e+01
-2.039999999999999858e+01
-2.039999999999999858e+01
-2.039999999999999858e+01
-2.039999999999999858e+01
-2.039999999999999858e+01
-2.039999999999999858e+01
-2.039999999999999858e+01
-2.039999999999999858e+01
-2.039999999999999858e+01
-2.039999999999999858e+01
-2.035999999999999943e+01
-2.028999999999999915e+01
-2.019000000000000128e+01
-2.019000000000000128e+01
-2.019000000000000128e+01
-2.019000000000000128e+01
-2.019000000000000128e+01
-2.019000000000000128e+01
-2.019000000000000128e+01
-2.007999999999999829e+01
-1.994000000000000128e+01
-1.989000000000000057e+01
-1.976000000000000156e+01
-1.976000000000000156e+01
-1.976000000000000156e+01
-1.976000000000000156e+01
-1.976000000000000156e+01
-1.976000000000000156e+01
-1.976000000000000156e+01
-1.976000000000000156e+01
-1.969999999999999929e+01
-1.964000000000000057e+01
-1.948999999999999844e+01
-1.946000000000000085e+01
-1.942999999999999972e+01
-1.942999999999999972e+01
-1.942999999999999972e+01
-1.942999999999999972e+01
-1.942999999999999972e+01
-1.942999999999999972e+01
-1.942999999999999972e+01
-1.942999999999999972e+01
