-2.021000000000000085e+01
-2.021000000000000085e+01
-2.021000000000000085e+01
-2.021000000000000085e+01
-2.021000000000000085e+01
-2.021000000000000085e+01
-2.021000000000000085e+01
-2.021000000000000085e+01
-2.021000000000000085e+01
-2.019000000000000128e+01
-2.014999999999999858e+01
-2.007999999999999829e+01
-2.007999999999999829e+01
-2.005000000000000071e+01
-2.001999999999999957e+01
-1.994999999999999929e+01
-1.992999999999999972e+01
-1.992999999999999972e+01
-1.992999999999999972e+01
-1.992999999999999972e+01
-1.992999999999999972e+01
-1.992999999999999972e+01
-1.992999999999999972e+01
-1.992999999999999972e+01
-1.992999999999999972e+01
-1.992999999999999972e+01
-1.992999999999999972e+01
-1.992999999999999972e+01
-1.992999999999999972e+01
-1.992999999999999972e+01
-1.992999999999999972e+01
-1.992999999999999972e+01
-1.992999999999999972e+01
-1.992999999999999972e+01
-1.992999999999999972e+01
-1.991000000000000014e+01
-1.980999999999999872e+01
-1.980999999999999872e+01
-1.976999999999999957e+01
-1.973999999999999844e+01
-1.971000000000000085e+01
-1.960999999999999943e+01
-1.948999999999999844e+01
-1.942000000000000171e+01
-1.935999999999999943e+01
-1.935999999999999943e+01
-1.935999999999999943e+01
-1.935999999999999943e+01
-1.935999999999999943e+01
-1.935999999999999943e+01
-1.935999999999999943e+01
-1.935999999999999943e+01
-1.932999999999999829e+01
-1.932999999999999829e+01
-1.932999999999999829e+01
-1.930000000000000071e+01
-1.919999999999999929e+01
-1.908999999999999986e+01
-1.892999999999999972e+01
-1.892000000000000171e+01
-1.878000000000000114e+01
-1.873999999999999844e+01
-1.866000000000000014e+01
-1.857000000000000028e+01
-1.846999999999999886e+01
-1.837999999999999901e+01
-1.823999999999999844e+01
-1.816000000000000014e+01
-1.807999999999999829e+01
-1.801000000000000156e+01
-1.794000000000000128e+01
-1.787999999999999901e+01
-1.780000000000000071e+01
-1.776999999999999957e+01
-1.767999999999999972e+01
-1.762000000000000099e+01
-1.762000000000000099e+01
-1.750000000000000000e+01
-1.746999999999999886e+01
-1.725000000000000000e+01
-1.721999999999999886e+01
-1.712999999999999901e+01
-1.700000000000000000e+01
-1.700000000000000000e+01
-1.700000000000000000e+01
-1.700000000000000000e+01
-1.700000000000000000e+01
-1.700000000000000000e+01
-1.700000000000000000e+01
-1.700000000000000000e+01
-1.700000000000000000e+01
-1.700000000000000000e+01
-1.700000000000000000e+01
-1.694000000000000128e+01
-1.685999999999999943e+01
-1.669000000000000128e+01
-1.669000000000000128e+01
-1.669000000000000128e+01
-1.669000000000000128e+01
-1.669000000000000128e+01
-1.669000000000000128e+01
-1.669000000000000128e+01
-1.669000000000000128e+01
-1.660000000000000142e+01
-1.644000000000000128e+01
-1.625000000000000000e+01
-1.617999999999999972e+01
-1.605000000000000071e+01
-1.600000000000000000e+01
-1.593999999999999950e+01
-1.592999999999999972e+01
-1.592999999999999972e+01
-1.592999999999999972e+01
-1.580000000000000071e+01
-1.580000000000000071e+01
-1.580000000000000071e+01
-1.573000000000000043e+01
-1.553999999999999915e+01
-1.550000000000000000e+01
-1.534999999999999964e+01
-1.526999999999999957e+01
-1.514000000000000057e+01
-1.514000000000000057e+01
-1.514000000000000057e+01
-1.514000000000000057e+01
-1.514000000000000057e+01
-1.514000000000000057e+01
-1.514000000000000057e+01
-1.514000000000000057e+01
-1.514000000000000057e+01
-1.514000000000000057e+01
-1.492999999999999972e+01
-1.473000000000000043e+01
-1.473000000000000043e+01
-1.473000000000000043e+01
-1.473000000000000043e+01
-1.467999999999999972e+01
-1.456000000000000050e+01
-1.455000000000000071e+01
-1.455000000000000071e+01
-1.455000000000000071e+01
-1.455000000000000071e+01
-1.455000000000000071e+01
-1.448000000000000043e+01
-1.446000000000000085e+01
-1.441000000000000014e+01
-1.426999999999999957e+01
-1.416999999999999993e+01
-1.410999999999999943e+01
-1.405000000000000071e+01
-1.380000000000000071e+01
-1.373000000000000043e+01
-1.369999999999999929e+01
-1.366999999999999993e+01
-1.366999999999999993e+01
-1.363000000000000078e+01
-1.341000000000000014e+01
-1.323000000000000043e+01
-1.310999999999999943e+01
-1.301999999999999957e+01
-1.283000000000000007e+01
-1.253999999999999915e+01
-1.231000000000000050e+01
-1.203999999999999915e+01
-1.175000000000000000e+01
-1.152999999999999936e+01
-1.128999999999999915e+01
-1.083999999999999986e+01
-1.075999999999999979e+01
-1.050000000000000000e+01
-1.024000000000000021e+01
-1.006000000000000050e+01
-9.539999999999999147e+00
-9.140000000000000568e+00
-8.900000000000000355e+00
-8.679999999999999716e+00
-8.529999999999999361e+00
-8.259999999999999787e+00
-7.849999999999999645e+00
-7.530000000000000249e+00
-7.459999999999999964e+00
-7.129999999999999893e+00
-6.759999999999999787e+00
-6.419999999999999929e+00
-6.219999999999999751e+00
-5.830000000000000071e+00
-5.330000000000000071e+00
-4.910000000000000142e+00
-4.639999999999999680e+00
-4.250000000000000000e+00
-3.709999999999999964e+00
-3.500000000000000000e+00
-3.060000000000000053e+00
-2.569999999999999840e+00
-2.229999999999999982e+00
-1.860000000000000098e+00
-1.750000000000000000e+00
-1.360000000000000098e+00
-8.699999999999999956e-01
-5.200000000000000178e-01
8.999999999999999667e-02
4.299999999999999933e-01
9.699999999999999734e-01
1.419999999999999929e+00
1.909999999999999920e+00
2.459999999999999964e+00
2.990000000000000213e+00
3.399999999999999911e+00
4.080000000000000071e+00
4.719999999999999751e+00
5.419999999999999929e+00
6.089999999999999858e+00
6.849999999999999645e+00
7.620000000000000107e+00
8.160000000000000142e+00
8.900000000000000355e+00
9.390000000000000568e+00
9.939999999999999503e+00
1.069999999999999929e+01
1.108000000000000007e+01
1.164000000000000057e+01
1.223000000000000043e+01
1.268999999999999950e+01
1.325999999999999979e+01
1.384999999999999964e+01
1.388000000000000078e+01
1.439000000000000057e+01
1.452999999999999936e+01
1.480000000000000071e+01
1.508000000000000007e+01
1.517999999999999972e+01
1.523000000000000043e+01
1.542999999999999972e+01
1.555000000000000071e+01
1.578999999999999915e+01
1.586999999999999922e+01
1.596000000000000085e+01
1.605999999999999872e+01
1.614000000000000057e+01
1.621000000000000085e+01
1.626999999999999957e+01
1.632999999999999829e+01
1.635999999999999943e+01
1.635999999999999943e+01
1.635999999999999943e+01
1.637000000000000099e+01
1.639000000000000057e+01
1.639000000000000057e+01
1.639999999999999858e+01
1.651000000000000156e+01
1.657000000000000028e+01
1.662999999999999901e+01
1.666000000000000014e+01
1.666000000000000014e+01
1.680000000000000071e+01
1.685000000000000142e+01
1.689000000000000057e+01
1.689000000000000057e+01
1.689000000000000057e+01
1.691000000000000014e+01
1.692000000000000171e+01
1.701000000000000156e+01
1.703999999999999915e+01
1.717999999999999972e+01
1.717999999999999972e+01
1.717999999999999972e+01
1.726000000000000156e+01
1.732999999999999829e+01
1.732999999999999829e+01
1.732999999999999829e+01
1.732999999999999829e+01
1.732999999999999829e+01
1.732999999999999829e+01
1.732999999999999829e+01
1.732999999999999829e+01
1.732999999999999829e+01
1.732999999999999829e+01
1.732999999999999829e+01
1.732999999999999829e+01
1.732999999999999829e+01
1.732999999999999829e+01
1.732999999999999829e+01
1.732999999999999829e+01
1.732999999999999829e+01
1.732999999999999829e+01
1.732999999999999829e+01
1.732999999999999829e+01
1.732999999999999829e+01
1.732999999999999829e+01
1.732999999999999829e+01
1.732999999999999829e+01
1.732999999999999829e+01
1.732999999999999829e+01
1.732999999999999829e+01
1.732999999999999829e+01
1.732999999999999829e+01
1.735000000000000142e+01
1.735000000000000142e+01
1.735000000000000142e+01
1.735000000000000142e+01
1.739000000000000057e+01
1.739000000000000057e+01
1.739000000000000057e+01
1.748999999999999844e+01
1.748999999999999844e+01
1.753000000000000114e+01
1.767000000000000171e+01
1.767999999999999972e+01
1.767999999999999972e+01
1.767999999999999972e+01
1.767999999999999972e+01
1.775000000000000000e+01
1.778000000000000114e+01
1.785999999999999943e+01
1.798999999999999844e+01
1.805999999999999872e+01
1.817000000000000171e+01
1.823999999999999844e+01
1.835000000000000142e+01
1.835999999999999943e+01
1.837999999999999901e+01
1.853000000000000114e+01
1.864000000000000057e+01
1.864000000000000057e+01
1.871000000000000085e+01
1.871000000000000085e+01
1.871000000000000085e+01
1.871000000000000085e+01
1.878999999999999915e+01
1.882999999999999829e+01
1.885999999999999943e+01
1.885999999999999943e+01
1.885999999999999943e+01
1.885999999999999943e+01
1.885999999999999943e+01
1.885999999999999943e+01
1.885999999999999943e+01
1.885999999999999943e+01
1.885999999999999943e+01
1.885999999999999943e+01
1.885999999999999943e+01
1.885999999999999943e+01
1.885999999999999943e+01
1.885999999999999943e+01
1.885999999999999943e+01
1.885999999999999943e+01
1.885999999999999943e+01
1.885999999999999943e+01
1.885999999999999943e+01
1.885999999999999943e+01
1.885999999999999943e+01
1.885999999999999943e+01
1.892000000000000171e+01
1.892000000000000171e+01
1.892000000000000171e+01
1.898999999999999844e+01
1.903000000000000114e+01
1.905999999999999872e+01
1.912999999999999901e+01
1.919000000000000128e+01
1.928999999999999915e+01
1.928999999999999915e+01
1.928999999999999915e+01
1.928999999999999915e+01
1.928999999999999915e+01
1.928999999999999915e+01
1.928999999999999915e+01
1.928999999999999915e+01
1.930000000000000071e+01
1.930000000000000071e+01
1.930000000000000071e+01
1.930000000000000071e+01
1.930000000000000071e+01
1.930000000000000071e+01
1.930000000000000071e+01
1.930000000000000071e+01
1.930000000000000071e+01
1.930000000000000071e+01
1.930000000000000071e+01
1.930000000000000071e+01
1.930000000000000071e+01
1.930000000000000071e+01
1.930000000000000071e+01
1.930000000000000071e+01
1.935999999999999943e+01
1.941000000000000014e+01
1.941000000000000014e+01
1.941000000000000014e+01
1.944000000000000128e+01
1.951999999999999957e+01
1.951999999999999957e+01
1.951999999999999957e+01
1.951999999999999957e+01
1.951999999999999957e+01
1.957000000000000028e+01
1.967999999999999972e+01
1.971000000000000085e+01
1.982000000000000028e+01
1.982000000000000028e+01
1.982999999999999829e+01
1.987000000000000099e+01
1.987000000000000099e+01
1.987000000000000099e+01
1.987000000000000099e+01
1.987000000000000099e+01
1.987000000000000099e+01
1.987000000000000099e+01
1.987000000000000099e+01
1.989000000000000057e+01
1.991000000000000014e+01
1.994000000000000128e+01
1.996999999999999886e+01
1.998999999999999844e+01
1.998999999999999844e+01
1.998999999999999844e+01
2.003000000000000114e+01
2.003999999999999915e+01
2.003999999999999915e+01
2.012999999999999901e+01
2.014000000000000057e+01
2.017000000000000171e+01
2.026000000000000156e+01
2.032999999999999829e+01
2.033999999999999986e+01
2.037999999999999901e+01
2.037999999999999901e+01
2.037999999999999901e+01
2.037999999999999901e+01
2.037999999999999901e+01
2.039999999999999858e+01
2.046000000000000085e+01
2.046999999999999886e+01
2.046999999999999886e+01
2.046999999999999886e+01
