5.409999999999999254e-01
5.320000000000000284e-01
5.229999999999999094e-01
5.140000000000000124e-01
5.049999999999998934e-01
4.959999999999998854e-01
4.869999999999999885e-01
4.779999999999999805e-01
4.689999999999999725e-01
4.599999999999999645e-01
4.509999999999999565e-01
4.419999999999999485e-01
4.329999999999999405e-01
4.239999999999999325e-01
4.149999999999999245e-01
4.059999999999999165e-01
3.969999999999999085e-01
3.879999999999999005e-01
3.790000000000000036e-01
3.699999999999999956e-01
3.609999999999999876e-01
3.519999999999999796e-01
3.429999999999999716e-01
3.339999999999999636e-01
3.249999999999999556e-01
3.159999999999999476e-01
3.069999999999999396e-01
2.979999999999999316e-01
2.889999999999999236e-01
2.799999999999999156e-01
2.709999999999999076e-01
2.620000000000000107e-01
2.530000000000000027e-01
2.439999999999999947e-01
2.349999999999999867e-01
2.259999999999999787e-01
2.169999999999999707e-01
2.079999999999999627e-01
1.989999999999999547e-01
1.899999999999999467e-01
1.809999999999999387e-01
1.719999999999999307e-01
1.629999999999999227e-01
1.540000000000000258e-01
1.450000000000000178e-01
1.360000000000000098e-01
1.270000000000000018e-01
1.179999999999999938e-01
1.089999999999999858e-01
1.000000000000000056e-01
9.975250000000000783e-02
9.950500000000001011e-02
9.925750000000001239e-02
9.901000000000000079e-02
9.876250000000000306e-02
9.851500000000000534e-02
9.826750000000000762e-02
9.802000000000000990e-02
9.777250000000001218e-02
9.752500000000000058e-02
9.727750000000000286e-02
9.703000000000000513e-02
9.678250000000000741e-02
9.653500000000000969e-02
9.628750000000001197e-02
9.604000000000000037e-02
9.579250000000000265e-02
9.554500000000000492e-02
9.529750000000000720e-02
9.505000000000000948e-02
9.480250000000001176e-02
9.455500000000000016e-02
9.430750000000000244e-02
9.406000000000000472e-02
9.381250000000000699e-02
9.356500000000000927e-02
9.331749999999999767e-02
9.306999999999999995e-02
9.282250000000000223e-02
9.257500000000000451e-02
9.232750000000000679e-02
9.208000000000000906e-02
9.183250000000001134e-02
9.158499999999999974e-02
9.133750000000000202e-02
9.109000000000000430e-02
9.084250000000000658e-02
9.059500000000000886e-02
9.034749999999999726e-02
9.009999999999999953e-02
8.985250000000000181e-02
8.960500000000000409e-02
8.935750000000000637e-02
8.911000000000000865e-02
8.886250000000001092e-02
8.861499999999999932e-02
8.836750000000000160e-02
8.812000000000000388e-02
8.787250000000000616e-02
8.762500000000000844e-02
8.737750000000001072e-02
8.712999999999999912e-02
8.688250000000000139e-02
8.663500000000000367e-02
8.638750000000000595e-02
8.614000000000000823e-02
8.589250000000001051e-02
8.564499999999999891e-02
8.539750000000000119e-02
8.515000000000000346e-02
8.490250000000000574e-02
8.465500000000000802e-02
8.440750000000001030e-02
8.416000000000001258e-02
8.391250000000000098e-02
8.366500000000000326e-02
8.341750000000000553e-02
8.317000000000000781e-02
8.292250000000001009e-02
8.267499999999999849e-02
8.242750000000000077e-02
8.218000000000000305e-02
8.193250000000000532e-02
8.168500000000000760e-02
8.143749999999999600e-02
8.119000000000001216e-02
8.094250000000000056e-02
8.069500000000000284e-02
8.044750000000000512e-02
8.020000000000000739e-02
7.995250000000000967e-02
7.970499999999999807e-02
7.945750000000001423e-02
7.921000000000000263e-02
7.896250000000000491e-02
7.871500000000000719e-02
7.846750000000000946e-02
7.822000000000001174e-02
7.797250000000000014e-02
7.772500000000000242e-02
7.747750000000000470e-02
7.723000000000000698e-02
7.698250000000000925e-02
7.673499999999999766e-02
7.648750000000001381e-02
7.624000000000000221e-02
7.599250000000000449e-02
7.574500000000000677e-02
7.549750000000000905e-02
7.525000000000001132e-02
7.500249999999999972e-02
7.475500000000000200e-02
7.450750000000000428e-02
7.426000000000000656e-02
7.401250000000000884e-02
7.376499999999999724e-02
7.351749999999999952e-02
7.327000000000000179e-02
7.302250000000000407e-02
7.277500000000000635e-02
7.252749999999999475e-02
7.227999999999999703e-02
7.203249999999999931e-02
7.178500000000000159e-02
7.153750000000000386e-02
7.129000000000000614e-02
7.104250000000000842e-02
7.079500000000001070e-02
7.054750000000001298e-02
7.030000000000000138e-02
7.005250000000000365e-02
6.980500000000000593e-02
6.955750000000000821e-02
6.931000000000001049e-02
6.906249999999999889e-02
6.881500000000000117e-02
6.856750000000000345e-02
6.832000000000000572e-02
6.807250000000000800e-02
6.782499999999999640e-02
6.757750000000001256e-02
6.733000000000000096e-02
6.708250000000000324e-02
6.683500000000000552e-02
6.658749999999999392e-02
6.634000000000001007e-02
6.609249999999999847e-02
6.584500000000001463e-02
6.559750000000000303e-02
6.535000000000000531e-02
6.510250000000000759e-02
6.485499999999999599e-02
6.460750000000001214e-02
6.436000000000000054e-02
6.411250000000000282e-02
6.386500000000000510e-02
6.361750000000000738e-02
6.337000000000000965e-02
6.312249999999999805e-02
6.287500000000000033e-02
6.262750000000000261e-02
6.238000000000000489e-02
6.213250000000000023e-02
6.188500000000000251e-02
6.163750000000000479e-02
6.139000000000000012e-02
6.114250000000000240e-02
6.089500000000000468e-02
6.064750000000000002e-02
6.040000000000000230e-02
6.015250000000000458e-02
5.990499999999999992e-02
5.965750000000000913e-02
5.941000000000000447e-02
5.916250000000000675e-02
5.891500000000000903e-02
5.866750000000000437e-02
5.842000000000000665e-02
5.817250000000000199e-02
5.792500000000000426e-02
5.767750000000000654e-02
5.743000000000000188e-02
5.718250000000000416e-02
5.693500000000000644e-02
5.668750000000000178e-02
5.644000000000000405e-02
5.619250000000000633e-02
5.594500000000000167e-02
5.569750000000000395e-02
5.544999999999999929e-02
5.520250000000000157e-02
5.495500000000000385e-02
5.470749999999999919e-02
5.446000000000000146e-02
5.421250000000000374e-02
5.396499999999999908e-02
5.371750000000000136e-02
5.347000000000000364e-02
5.322250000000000592e-02
5.297500000000000819e-02
5.272750000000000353e-02
5.248000000000000581e-02
5.223250000000000809e-02
5.198500000000000343e-02
5.173750000000000571e-02
5.149000000000000105e-02
5.124250000000000332e-02
5.099500000000000560e-02
5.074750000000000094e-02
5.050000000000000322e-02
5.025250000000000550e-02
5.000500000000000084e-02
4.975750000000001005e-02
4.951000000000000539e-02
4.926250000000000767e-02
4.901500000000000301e-02
4.876750000000000529e-02
4.852000000000000063e-02
4.827250000000000985e-02
4.802499999999999825e-02
4.777750000000000746e-02
4.753000000000000280e-02
4.728250000000000508e-02
4.703500000000000042e-02
4.678750000000000270e-02
4.653999999999999804e-02
4.629250000000000725e-02
4.604499999999999565e-02
4.579750000000000487e-02
4.555000000000000021e-02
4.530250000000000249e-02
4.505499999999999783e-02
4.480750000000000011e-02
4.455999999999999545e-02
4.431250000000000466e-02
4.406500000000000694e-02
4.381750000000000228e-02
4.357000000000000456e-02
4.332249999999999990e-02
4.307500000000000911e-02
4.282750000000000445e-02
4.258000000000000673e-02
4.233250000000000207e-02
4.208500000000000435e-02
4.183749999999999969e-02
4.159000000000000891e-02
4.134249999999999731e-02
4.109500000000000652e-02
4.084750000000000186e-02
4.060000000000000414e-02
4.035249999999999948e-02
4.010500000000000176e-02
3.985749999999999710e-02
3.961000000000000631e-02
3.936250000000000165e-02
3.911500000000000393e-02
3.886749999999999927e-02
3.862000000000000155e-02
3.837249999999999689e-02
3.812500000000000611e-02
3.787750000000000838e-02
3.763000000000000372e-02
3.738250000000001294e-02
3.713500000000000134e-02
3.688750000000000362e-02
3.664000000000000590e-02
3.639250000000000818e-02
3.614499999999999658e-02
3.589750000000001273e-02
3.565000000000000113e-02
3.540250000000000341e-02
3.515500000000000569e-02
3.490750000000000797e-02
3.465999999999999637e-02
3.441249999999999865e-02
3.416500000000000092e-02
3.391750000000000320e-02
3.366999999999999160e-02
3.342250000000000776e-02
3.317499999999999616e-02
3.292749999999999844e-02
3.268000000000000071e-02
3.243250000000000299e-02
3.218499999999999139e-02
3.193750000000000755e-02
3.169000000000000983e-02
3.144249999999999823e-02
3.119500000000000051e-02
3.094750000000000278e-02
3.070000000000000506e-02
3.045250000000000734e-02
3.020500000000000962e-02
2.995749999999999802e-02
2.971000000000000030e-02
2.946250000000000258e-02
2.921500000000000485e-02
2.896749999999999325e-02
2.872000000000000941e-02
2.847249999999999781e-02
2.822500000000000009e-02
2.797750000000000237e-02
2.773000000000000465e-02
2.748249999999999305e-02
2.723500000000000920e-02
2.698749999999999760e-02
2.673999999999999988e-02
2.649250000000000216e-02
2.624500000000000444e-02
2.599749999999999284e-02
2.574999999999999512e-02
2.550250000000001127e-02
2.525499999999999967e-02
2.500750000000000195e-02
2.476000000000000423e-02
2.451250000000000651e-02
2.426499999999999491e-02
2.401750000000001106e-02
2.376999999999999946e-02
2.352250000000000174e-02
2.327500000000000402e-02
2.302750000000000630e-02
2.277999999999999470e-02
2.253250000000001085e-02
2.228499999999999925e-02
2.203750000000000153e-02
2.179000000000000381e-02
2.154250000000000609e-02
2.129499999999999449e-02
2.104749999999999677e-02
2.079999999999999905e-02
2.055250000000000132e-02
2.030500000000000360e-02
2.005750000000000588e-02
1.980999999999999428e-02
1.956249999999999656e-02
1.931500000000001271e-02
1.906750000000000111e-02
1.882000000000000339e-02
1.857250000000000567e-02
1.832500000000000795e-02
1.807749999999999635e-02
1.783000000000001251e-02
1.758250000000000091e-02
1.733500000000000318e-02
1.708750000000000546e-02
1.684000000000000774e-02
1.659249999999999614e-02
1.634499999999999842e-02
1.609750000000000070e-02
1.585000000000000298e-02
1.560249999999999138e-02
1.535500000000000753e-02
1.510749999999999593e-02
1.485999999999999821e-02
1.461250000000000049e-02
1.436500000000000277e-02
1.411749999999999117e-02
1.387000000000000732e-02
1.362249999999999572e-02
1.337499999999999800e-02
1.312750000000000028e-02
1.288000000000000256e-02
1.263250000000000484e-02
1.238500000000000711e-02
1.213750000000000939e-02
1.188999999999999779e-02
1.164250000000000007e-02
1.139500000000000235e-02
1.114750000000000463e-02
1.089999999999999303e-02
1.065250000000000918e-02
1.040499999999999758e-02
1.015749999999999986e-02
9.910000000000002141e-03
9.662500000000004419e-03
9.414999999999992819e-03
9.167500000000008975e-03
8.919999999999997375e-03
8.672499999999999654e-03
8.425000000000001932e-03
8.177500000000004210e-03
7.929999999999992610e-03
7.682499999999994889e-03
7.434999999999997167e-03
7.187499999999999445e-03
6.940000000000001723e-03
6.692500000000004001e-03
6.445000000000006279e-03
6.197499999999994680e-03
5.950000000000010836e-03
5.702499999999999236e-03
5.455000000000001514e-03
5.207500000000003793e-03
4.960000000000006071e-03
4.712499999999994471e-03
4.465000000000010627e-03
4.217499999999999027e-03
3.970000000000001306e-03
3.722500000000003584e-03
3.475000000000005862e-03
3.227499999999994262e-03
2.979999999999996541e-03
2.732499999999998819e-03
2.485000000000001097e-03
2.237500000000003375e-03
1.990000000000005653e-03
1.742499999999994054e-03
1.494999999999996332e-03
1.247499999999998610e-03
1.000000000000000021e-03
1.000000000000000021e-03
1.000000000000000021e-03
1.000000000000000021e-03
1.000000000000000021e-03
1.000000000000000021e-03
1.000000000000000021e-03
1.000000000000000021e-03
1.000000000000000021e-03
1.000000000000000021e-03
1.000000000000000021e-03
1.000000000000000021e-03
1.000000000000000021e-03
1.000000000000000021e-03
1.000000000000000021e-03
1.000000000000000021e-03
1.000000000000000021e-03
1.000000000000000021e-03
1.000000000000000021e-03
1.000000000000000021e-03
1.000000000000000021e-03
1.000000000000000021e-03
1.000000000000000021e-03
1.000000000000000021e-03
1.000000000000000021e-03
1.000000000000000021e-03
1.000000000000000021e-03
1.000000000000000021e-03
1.000000000000000021e-03
1.000000000000000021e-03
1.000000000000000021e-03
1.000000000000000021e-03
1.000000000000000021e-03
1.000000000000000021e-03
1.000000000000000021e-03
1.000000000000000021e-03
1.000000000000000021e-03
1.000000000000000021e-03
1.000000000000000021e-03
1.000000000000000021e-03
1.000000000000000021e-03
1.000000000000000021e-03
1.000000000000000021e-03
1.000000000000000021e-03
1.000000000000000021e-03
1.000000000000000021e-03
1.000000000000000021e-03
1.000000000000000021e-03
1.000000000000000021e-03
1.000000000000000021e-03
1.000000000000000021e-03
1.000000000000000021e-03
1.000000000000000021e-03
1.000000000000000021e-03
1.000000000000000021e-03
1.000000000000000021e-03
1.000000000000000021e-03
1.000000000000000021e-03
1.000000000000000021e-03
1.000000000000000021e-03
1.000000000000000021e-03
1.000000000000000021e-03
1.000000000000000021e-03
1.000000000000000021e-03
1.000000000000000021e-03
1.000000000000000021e-03
1.000000000000000021e-03
1.000000000000000021e-03
1.000000000000000021e-03
1.000000000000000021e-03
1.000000000000000021e-03
1.000000000000000021e-03
1.000000000000000021e-03
1.000000000000000021e-03
1.000000000000000021e-03
1.000000000000000021e-03
1.000000000000000021e-03
1.000000000000000021e-03
1.000000000000000021e-03
1.000000000000000021e-03
1.000000000000000021e-03
1.000000000000000021e-03
1.000000000000000021e-03
1.000000000000000021e-03
1.000000000000000021e-03
1.000000000000000021e-03
1.000000000000000021e-03
1.000000000000000021e-03
1.000000000000000021e-03
1.000000000000000021e-03
1.000000000000000021e-03
1.000000000000000021e-03
1.000000000000000021e-03
1.000000000000000021e-03
1.000000000000000021e-03
1.000000000000000021e-03
1.000000000000000021e-03
1.000000000000000021e-03
1.000000000000000021e-03
1.000000000000000021e-03
1.000000000000000021e-03
1.000000000000000021e-03
1.000000000000000021e-03
1.000000000000000021e-03
1.000000000000000021e-03
1.000000000000000021e-03
1.000000000000000021e-03
1.000000000000000021e-03
1.000000000000000021e-03
1.000000000000000021e-03
1.000000000000000021e-03
1.000000000000000021e-03
1.000000000000000021e-03
1.000000000000000021e-03
1.000000000000000021e-03
1.000000000000000021e-03
1.000000000000000021e-03
1.000000000000000021e-03
1.000000000000000021e-03
1.000000000000000021e-03
1.000000000000000021e-03
1.000000000000000021e-03
1.000000000000000021e-03
1.000000000000000021e-03
1.000000000000000021e-03
1.000000000000000021e-03
1.000000000000000021e-03
1.000000000000000021e-03
1.000000000000000021e-03
1.000000000000000021e-03
1.000000000000000021e-03
1.000000000000000021e-03
1.000000000000000021e-03
1.000000000000000021e-03
1.000000000000000021e-03
1.000000000000000021e-03
1.000000000000000021e-03
1.000000000000000021e-03
1.000000000000000021e-03
1.000000000000000021e-03
1.000000000000000021e-03
1.000000000000000021e-03
1.000000000000000021e-03
1.000000000000000021e-03
1.000000000000000021e-03
1.000000000000000021e-03
1.000000000000000021e-03
1.000000000000000021e-03
1.000000000000000021e-03
1.000000000000000021e-03
1.000000000000000021e-03
1.000000000000000021e-03
1.000000000000000021e-03
1.000000000000000021e-03
1.000000000000000021e-03
1.000000000000000021e-03
1.000000000000000021e-03
1.000000000000000021e-03
1.000000000000000021e-03
1.000000000000000021e-03
1.000000000000000021e-03
1.000000000000000021e-03
1.000000000000000021e-03
1.000000000000000021e-03
1.000000000000000021e-03
1.000000000000000021e-03
1.000000000000000021e-03
1.000000000000000021e-03
1.000000000000000021e-03
1.000000000000000021e-03
1.000000000000000021e-03
1.000000000000000021e-03
1.000000000000000021e-03
1.000000000000000021e-03
1.000000000000000021e-03
1.000000000000000021e-03
1.000000000000000021e-03
1.000000000000000021e-03
1.000000000000000021e-03
1.000000000000000021e-03
1.000000000000000021e-03
1.000000000000000021e-03
1.000000000000000021e-03
1.000000000000000021e-03
1.000000000000000021e-03
1.000000000000000021e-03
1.000000000000000021e-03
1.000000000000000021e-03
1.000000000000000021e-03
1.000000000000000021e-03
1.000000000000000021e-03
1.000000000000000021e-03
1.000000000000000021e-03
1.000000000000000021e-03
1.000000000000000021e-03
1.000000000000000021e-03
1.000000000000000021e-03
1.000000000000000021e-03
1.000000000000000021e-03
1.000000000000000021e-03
1.000000000000000021e-03
1.000000000000000021e-03
