7.704999999999999627e-01
7.660000000000000142e-01
7.614999999999999547e-01
7.570000000000000062e-01
7.524999999999999467e-01
7.479999999999999982e-01
7.435000000000000497e-01
7.389999999999999902e-01
7.344999999999999307e-01
7.299999999999999822e-01
7.255000000000000338e-01
7.209999999999999742e-01
7.164999999999999147e-01
7.119999999999999662e-01
7.075000000000000178e-01
7.029999999999999583e-01
6.984999999999998987e-01
6.939999999999999503e-01
6.895000000000000018e-01
6.850000000000000533e-01
6.804999999999999938e-01
6.759999999999999343e-01
6.714999999999999858e-01
6.670000000000000373e-01
6.624999999999999778e-01
6.579999999999999183e-01
6.534999999999999698e-01
6.490000000000000213e-01
6.444999999999999618e-01
6.399999999999999023e-01
6.354999999999999538e-01
6.310000000000000053e-01
6.265000000000000568e-01
6.219999999999999973e-01
6.174999999999999378e-01
6.129999999999999893e-01
6.085000000000000409e-01
6.039999999999999813e-01
5.994999999999999218e-01
5.949999999999999734e-01
5.905000000000000249e-01
5.859999999999999654e-01
5.814999999999999059e-01
5.769999999999999574e-01
5.725000000000000089e-01
5.680000000000000604e-01
5.635000000000000009e-01
5.589999999999999414e-01
5.544999999999999929e-01
5.500000000000000444e-01
5.454999999999999849e-01
5.409999999999999254e-01
5.364999999999999769e-01
5.320000000000000284e-01
5.274999999999999689e-01
5.229999999999999094e-01
5.184999999999999609e-01
5.140000000000000124e-01
5.094999999999999529e-01
5.049999999999998934e-01
5.004999999999999449e-01
4.959999999999998854e-01
4.915000000000000480e-01
4.869999999999999885e-01
4.825000000000000400e-01
4.779999999999999805e-01
4.735000000000000320e-01
4.689999999999999725e-01
4.645000000000000240e-01
4.599999999999999645e-01
4.555000000000000160e-01
4.509999999999999565e-01
4.465000000000000080e-01
4.419999999999999485e-01
4.375000000000000000e-01
4.329999999999999405e-01
4.284999999999999920e-01
4.239999999999999325e-01
4.194999999999999840e-01
4.149999999999999245e-01
4.104999999999999760e-01
4.059999999999999165e-01
4.014999999999999680e-01
3.969999999999999085e-01
3.924999999999999600e-01
3.879999999999999005e-01
3.834999999999999520e-01
3.790000000000000036e-01
3.745000000000000551e-01
3.699999999999999956e-01
3.655000000000000471e-01
3.609999999999999876e-01
3.565000000000000391e-01
3.519999999999999796e-01
3.475000000000000311e-01
3.429999999999999716e-01
3.385000000000000231e-01
3.339999999999999636e-01
3.295000000000000151e-01
3.249999999999999556e-01
3.205000000000000071e-01
3.159999999999999476e-01
3.114999999999999991e-01
3.069999999999999396e-01
3.024999999999999911e-01
2.979999999999999316e-01
2.934999999999999831e-01
2.889999999999999236e-01
2.844999999999999751e-01
2.799999999999999156e-01
2.754999999999999671e-01
2.709999999999999076e-01
2.665000000000000702e-01
2.620000000000000107e-01
2.575000000000000622e-01
2.530000000000000027e-01
2.485000000000000542e-01
2.439999999999999947e-01
2.395000000000000462e-01
2.349999999999999867e-01
2.305000000000000382e-01
2.259999999999999787e-01
2.215000000000000302e-01
2.169999999999999707e-01
2.125000000000000222e-01
2.079999999999999627e-01
2.035000000000000142e-01
1.989999999999999547e-01
1.945000000000000062e-01
1.899999999999999467e-01
1.854999999999999982e-01
1.809999999999999387e-01
1.764999999999999902e-01
1.719999999999999307e-01
1.674999999999999822e-01
1.629999999999999227e-01
1.584999999999999742e-01
1.540000000000000258e-01
1.495000000000000773e-01
1.450000000000000178e-01
1.405000000000000693e-01
1.360000000000000098e-01
1.315000000000000613e-01
1.270000000000000018e-01
1.225000000000000533e-01
1.179999999999999938e-01
1.135000000000000453e-01
1.089999999999999858e-01
1.045000000000000373e-01
1.000000000000000056e-01
9.970000000000001084e-02
9.940000000000000224e-02
9.910000000000000753e-02
9.879999999999999893e-02
9.850000000000000422e-02
9.820000000000000950e-02
9.790000000000000091e-02
9.760000000000000620e-02
9.730000000000001148e-02
9.700000000000000289e-02
9.670000000000000817e-02
9.639999999999999958e-02
9.610000000000000486e-02
9.580000000000001015e-02
9.550000000000000155e-02
9.520000000000000684e-02
9.490000000000001212e-02
9.460000000000000353e-02
9.430000000000000882e-02
9.400000000000000022e-02
9.370000000000000551e-02
9.340000000000001079e-02
9.310000000000000220e-02
9.280000000000000748e-02
9.249999999999999889e-02
9.220000000000000417e-02
9.190000000000000946e-02
9.160000000000000087e-02
9.130000000000000615e-02
9.099999999999999756e-02
9.070000000000000284e-02
9.040000000000000813e-02
9.009999999999999953e-02
8.980000000000000482e-02
8.950000000000001010e-02
8.920000000000000151e-02
8.890000000000000679e-02
8.859999999999999820e-02
8.830000000000000349e-02
8.800000000000000877e-02
8.770000000000000018e-02
8.740000000000000546e-02
8.710000000000001075e-02
8.680000000000000215e-02
8.650000000000000744e-02
8.619999999999999885e-02
8.590000000000000413e-02
8.560000000000000941e-02
8.530000000000000082e-02
8.500000000000000611e-02
8.469999999999999751e-02
8.440000000000000280e-02
8.410000000000000808e-02
8.379999999999999949e-02
8.350000000000000477e-02
8.319999999999999618e-02
8.290000000000000147e-02
8.260000000000000675e-02
8.230000000000001203e-02
8.200000000000000344e-02
8.169999999999999485e-02
8.140000000000000013e-02
8.110000000000000542e-02
8.080000000000001070e-02
8.050000000000000211e-02
8.020000000000000739e-02
7.989999999999999880e-02
7.960000000000000409e-02
7.930000000000000937e-02
7.900000000000000078e-02
7.870000000000000606e-02
7.839999999999999747e-02
7.810000000000000275e-02
7.780000000000000804e-02
7.749999999999999944e-02
7.720000000000000473e-02
7.689999999999999614e-02
7.660000000000000142e-02
7.630000000000000671e-02
7.599999999999999811e-02
7.570000000000000340e-02
7.540000000000000868e-02
7.510000000000000009e-02
7.480000000000000537e-02
7.450000000000001066e-02
7.420000000000000207e-02
7.390000000000000735e-02
7.359999999999999876e-02
7.330000000000000404e-02
7.300000000000000933e-02
7.270000000000000073e-02
7.240000000000000602e-02
7.209999999999999742e-02
7.180000000000000271e-02
7.150000000000000799e-02
7.119999999999999940e-02
7.090000000000000469e-02
7.059999999999999609e-02
7.030000000000000138e-02
7.000000000000000666e-02
6.969999999999999807e-02
6.940000000000000335e-02
6.909999999999999476e-02
6.880000000000000004e-02
6.850000000000000533e-02
6.820000000000001061e-02
6.790000000000000202e-02
6.759999999999999343e-02
6.729999999999999871e-02
6.700000000000000400e-02
6.670000000000000928e-02
6.640000000000000069e-02
6.610000000000000597e-02
6.579999999999999738e-02
6.550000000000000266e-02
6.520000000000000795e-02
6.489999999999999936e-02
6.460000000000000464e-02
6.429999999999999605e-02
6.400000000000000133e-02
6.370000000000000662e-02
6.339999999999999802e-02
6.310000000000000331e-02
6.279999999999999472e-02
6.250000000000000000e-02
6.220000000000000528e-02
6.190000000000000363e-02
6.160000000000000198e-02
6.130000000000000032e-02
6.099999999999999867e-02
6.070000000000000395e-02
6.040000000000000230e-02
6.010000000000000064e-02
5.979999999999999899e-02
5.949999999999999734e-02
5.920000000000000262e-02
5.890000000000000097e-02
5.859999999999999931e-02
5.830000000000000460e-02
5.800000000000000294e-02
5.770000000000000129e-02
5.739999999999999963e-02
5.709999999999999798e-02
5.680000000000000326e-02
5.650000000000000161e-02
5.619999999999999996e-02
5.589999999999999830e-02
5.559999999999999665e-02
5.530000000000000193e-02
5.500000000000000028e-02
5.470000000000000556e-02
5.439999999999999697e-02
5.410000000000000225e-02
5.380000000000000060e-02
5.349999999999999201e-02
5.319999999999999729e-02
5.290000000000000258e-02
5.260000000000000786e-02
5.229999999999999927e-02
5.199999999999999761e-02
5.170000000000000290e-02
5.139999999999999430e-02
5.109999999999999959e-02
5.080000000000000487e-02
5.049999999999999628e-02
5.020000000000000157e-02
4.989999999999999991e-02
4.959999999999999826e-02
4.929999999999999660e-02
4.900000000000000189e-02
4.870000000000000717e-02
4.839999999999999858e-02
4.809999999999999692e-02
4.780000000000000221e-02
4.749999999999999362e-02
4.719999999999999890e-02
4.690000000000000419e-02
4.659999999999999559e-02
4.630000000000000088e-02
4.599999999999999922e-02
4.569999999999999757e-02
4.539999999999999591e-02
4.510000000000000120e-02
4.480000000000000648e-02
4.449999999999999789e-02
4.419999999999999624e-02
4.390000000000000152e-02
4.359999999999999293e-02
4.329999999999999821e-02
4.300000000000000350e-02
4.269999999999999490e-02
4.240000000000000019e-02
4.209999999999999853e-02
4.180000000000000382e-02
4.149999999999999523e-02
4.120000000000000051e-02
4.090000000000000580e-02
4.059999999999999720e-02
4.029999999999999555e-02
4.000000000000000083e-02
3.969999999999999224e-02
3.939999999999999752e-02
3.910000000000000281e-02
3.879999999999999422e-02
3.849999999999999950e-02
3.819999999999999785e-02
3.790000000000000313e-02
3.759999999999999454e-02
3.729999999999999982e-02
3.700000000000000511e-02
3.669999999999999651e-02
3.640000000000000180e-02
3.610000000000000708e-02
3.579999999999999849e-02
3.550000000000000377e-02
3.519999999999999518e-02
3.489999999999998659e-02
3.459999999999999187e-02
3.429999999999999716e-02
3.400000000000000244e-02
3.369999999999999385e-02
3.339999999999999913e-02
3.310000000000000442e-02
3.279999999999999583e-02
3.250000000000000111e-02
3.220000000000000639e-02
3.189999999999999780e-02
3.160000000000000309e-02
3.129999999999999449e-02
3.099999999999998590e-02
3.069999999999999118e-02
3.039999999999999647e-02
3.010000000000000175e-02
2.979999999999999316e-02
2.949999999999999845e-02
2.920000000000000373e-02
2.889999999999999514e-02
2.860000000000000042e-02
2.830000000000000571e-02
2.799999999999999711e-02
2.770000000000000240e-02
2.739999999999999380e-02
2.709999999999999909e-02
2.679999999999999050e-02
2.649999999999999578e-02
2.620000000000000107e-02
2.589999999999999247e-02
2.559999999999999776e-02
2.530000000000000304e-02
2.499999999999999445e-02
2.469999999999999973e-02
2.440000000000000502e-02
2.409999999999999643e-02
2.380000000000000171e-02
2.349999999999999312e-02
2.319999999999999840e-02
2.289999999999998981e-02
2.259999999999999509e-02
2.230000000000000038e-02
2.199999999999999178e-02
2.169999999999999707e-02
2.140000000000000235e-02
2.109999999999999376e-02
2.079999999999999905e-02
2.050000000000000433e-02
2.019999999999999574e-02
1.990000000000000102e-02
1.959999999999999243e-02
1.929999999999999771e-02
1.899999999999998912e-02
1.869999999999999440e-02
1.839999999999999969e-02
1.809999999999999110e-02
1.779999999999999638e-02
1.750000000000000167e-02
1.719999999999999307e-02
1.689999999999999836e-02
1.660000000000000364e-02
1.629999999999999505e-02
1.600000000000000033e-02
1.569999999999999174e-02
1.539999999999999702e-02
1.509999999999998843e-02
1.479999999999999372e-02
1.449999999999999900e-02
1.419999999999999041e-02
1.389999999999999569e-02
1.360000000000000098e-02
1.329999999999999238e-02
1.299999999999999767e-02
1.270000000000000295e-02
1.239999999999999436e-02
1.209999999999999964e-02
1.179999999999999105e-02
1.149999999999999634e-02
1.119999999999998774e-02
1.089999999999999303e-02
1.059999999999999831e-02
1.029999999999998972e-02
1.000000000000000021e-02
1.000000000000000021e-02
1.000000000000000021e-02
1.000000000000000021e-02
1.000000000000000021e-02
1.000000000000000021e-02
1.000000000000000021e-02
1.000000000000000021e-02
1.000000000000000021e-02
1.000000000000000021e-02
