5.409999999999999254e-01
5.320000000000000284e-01
5.229999999999999094e-01
5.140000000000000124e-01
5.049999999999998934e-01
4.959999999999998854e-01
4.869999999999999885e-01
4.779999999999999805e-01
4.689999999999999725e-01
4.599999999999999645e-01
4.509999999999999565e-01
4.419999999999999485e-01
4.329999999999999405e-01
4.239999999999999325e-01
4.149999999999999245e-01
4.059999999999999165e-01
3.969999999999999085e-01
3.879999999999999005e-01
3.790000000000000036e-01
3.699999999999999956e-01
3.609999999999999876e-01
3.519999999999999796e-01
3.429999999999999716e-01
3.339999999999999636e-01
3.249999999999999556e-01
3.159999999999999476e-01
3.069999999999999396e-01
2.979999999999999316e-01
2.889999999999999236e-01
2.799999999999999156e-01
2.709999999999999076e-01
2.620000000000000107e-01
2.530000000000000027e-01
2.439999999999999947e-01
2.349999999999999867e-01
2.259999999999999787e-01
2.169999999999999707e-01
2.079999999999999627e-01
1.989999999999999547e-01
1.899999999999999467e-01
1.809999999999999387e-01
1.719999999999999307e-01
1.629999999999999227e-01
1.540000000000000258e-01
1.450000000000000178e-01
1.360000000000000098e-01
1.270000000000000018e-01
1.179999999999999938e-01
1.089999999999999858e-01
1.000000000000000056e-01
9.977500000000000258e-02
9.954999999999999960e-02
9.932500000000001050e-02
9.910000000000000753e-02
9.887500000000000455e-02
9.865000000000000158e-02
9.842499999999999860e-02
9.820000000000000950e-02
9.797500000000000653e-02
9.775000000000000355e-02
9.752500000000000058e-02
9.730000000000001148e-02
9.707500000000000850e-02
9.685000000000000553e-02
9.662500000000000255e-02
9.639999999999999958e-02
9.617500000000001048e-02
9.595000000000000751e-02
9.572500000000000453e-02
9.550000000000000155e-02
9.527499999999999858e-02
9.505000000000000948e-02
9.482500000000000651e-02
9.460000000000000353e-02
9.437500000000000056e-02
9.415000000000001146e-02
9.392500000000000848e-02
9.370000000000000551e-02
9.347500000000000253e-02
9.324999999999999956e-02
9.302500000000001046e-02
9.280000000000000748e-02
9.257500000000000451e-02
9.235000000000000153e-02
9.212500000000001243e-02
9.190000000000000946e-02
9.167500000000000648e-02
9.145000000000000351e-02
9.122500000000000053e-02
9.099999999999999756e-02
9.077500000000000846e-02
9.055000000000000548e-02
9.032500000000000251e-02
9.009999999999999953e-02
8.987500000000001044e-02
8.965000000000000746e-02
8.942500000000000449e-02
8.920000000000000151e-02
8.897499999999999853e-02
8.875000000000000944e-02
8.852500000000000646e-02
8.830000000000000349e-02
8.807500000000000051e-02
8.784999999999999754e-02
8.762500000000000844e-02
8.740000000000000546e-02
8.717500000000000249e-02
8.694999999999999951e-02
8.672500000000001041e-02
8.650000000000000744e-02
8.627500000000000446e-02
8.605000000000000149e-02
8.582499999999999851e-02
8.560000000000000941e-02
8.537500000000000644e-02
8.515000000000000346e-02
8.492500000000000049e-02
8.469999999999999751e-02
8.447500000000000842e-02
8.425000000000000544e-02
8.402500000000000246e-02
8.379999999999999949e-02
8.357500000000001039e-02
8.335000000000000742e-02
8.312500000000000444e-02
8.290000000000000147e-02
8.267499999999999849e-02
8.244999999999999551e-02
8.222500000000000642e-02
8.200000000000000344e-02
8.177500000000000047e-02
8.155000000000001137e-02
8.132500000000000839e-02
8.110000000000000542e-02
8.087500000000000244e-02
8.064999999999999947e-02
8.042499999999999649e-02
8.020000000000000739e-02
7.997500000000000442e-02
7.975000000000000144e-02
7.952499999999999847e-02
7.930000000000000937e-02
7.907500000000000639e-02
7.885000000000000342e-02
7.862500000000000044e-02
7.839999999999999747e-02
7.817500000000000837e-02
7.795000000000000540e-02
7.772500000000000242e-02
7.749999999999999944e-02
7.727500000000001035e-02
7.705000000000000737e-02
7.682500000000000440e-02
7.660000000000000142e-02
7.637499999999999845e-02
7.614999999999999547e-02
7.592500000000000637e-02
7.570000000000000340e-02
7.547500000000000042e-02
7.524999999999999745e-02
7.502500000000000835e-02
7.480000000000000537e-02
7.457500000000000240e-02
7.434999999999999942e-02
7.412499999999999645e-02
7.390000000000000735e-02
7.367500000000000437e-02
7.345000000000000140e-02
7.322499999999999842e-02
7.300000000000000933e-02
7.277500000000000635e-02
7.255000000000000338e-02
7.232500000000000040e-02
7.209999999999999742e-02
7.187499999999999445e-02
7.165000000000000535e-02
7.142500000000000238e-02
7.119999999999999940e-02
7.097499999999999643e-02
7.075000000000000733e-02
7.052500000000000435e-02
7.030000000000000138e-02
7.007499999999999840e-02
6.984999999999999543e-02
6.962499999999999245e-02
6.940000000000000335e-02
6.917500000000000038e-02
6.895000000000001128e-02
6.872500000000000830e-02
6.850000000000000533e-02
6.827500000000000235e-02
6.804999999999999938e-02
6.782499999999999640e-02
6.759999999999999343e-02
6.737500000000000433e-02
6.715000000000000135e-02
6.692500000000001226e-02
6.670000000000000928e-02
6.647500000000000631e-02
6.625000000000000333e-02
6.602500000000000036e-02
6.579999999999999738e-02
6.557499999999999440e-02
6.534999999999999143e-02
6.512500000000000233e-02
6.489999999999999936e-02
6.467500000000001026e-02
6.445000000000000728e-02
6.422500000000000431e-02
6.400000000000000133e-02
6.377499999999999836e-02
6.354999999999999538e-02
6.332500000000000628e-02
6.310000000000000331e-02
6.287500000000000033e-02
6.265000000000001124e-02
6.242500000000000132e-02
6.220000000000000528e-02
6.197500000000000231e-02
6.174999999999999933e-02
6.152500000000000330e-02
6.130000000000000032e-02
6.107500000000000429e-02
6.085000000000000131e-02
6.062499999999999833e-02
6.040000000000000230e-02
6.017499999999999932e-02
5.995000000000000329e-02
5.972500000000000031e-02
5.949999999999999734e-02
5.927500000000000130e-02
5.904999999999999832e-02
5.882500000000000229e-02
5.859999999999999931e-02
5.837499999999999634e-02
5.815000000000000030e-02
5.792499999999999732e-02
5.770000000000000129e-02
5.747500000000000525e-02
5.725000000000000228e-02
5.702499999999999930e-02
5.680000000000000326e-02
5.657500000000000029e-02
5.635000000000000425e-02
5.612500000000000128e-02
5.589999999999999830e-02
5.567500000000000226e-02
5.544999999999999929e-02
5.522500000000000325e-02
5.500000000000000028e-02
5.477500000000000424e-02
5.455000000000000127e-02
5.432500000000000523e-02
5.410000000000000225e-02
5.387500000000000622e-02
5.364999999999999630e-02
5.342500000000000027e-02
5.319999999999999729e-02
5.297500000000000125e-02
5.274999999999999828e-02
5.252500000000000224e-02
5.229999999999999927e-02
5.207500000000000323e-02
5.185000000000000026e-02
5.162500000000000422e-02
5.139999999999999430e-02
5.117499999999999827e-02
5.094999999999999529e-02
5.072499999999999926e-02
5.049999999999999628e-02
5.027500000000000024e-02
5.004999999999999727e-02
4.982500000000000123e-02
4.959999999999999826e-02
4.937500000000000222e-02
4.915000000000000618e-02
4.892499999999999627e-02
4.870000000000000717e-02
4.847499999999999726e-02
4.825000000000000122e-02
4.802499999999999825e-02
4.780000000000000221e-02
4.757499999999999923e-02
4.735000000000000320e-02
4.712500000000000022e-02
4.690000000000000419e-02
4.667499999999999427e-02
4.644999999999999823e-02
4.622499999999999526e-02
4.599999999999999922e-02
4.577499999999999625e-02
4.555000000000000021e-02
4.532499999999999724e-02
4.510000000000000120e-02
4.487499999999999822e-02
4.465000000000000219e-02
4.442499999999999227e-02
4.419999999999999624e-02
4.397499999999999326e-02
4.374999999999999722e-02
4.352500000000000119e-02
4.329999999999999821e-02
4.307500000000000218e-02
4.284999999999999920e-02
4.262500000000000316e-02
4.240000000000000019e-02
4.217500000000000415e-02
4.194999999999999424e-02
4.172500000000000514e-02
4.149999999999999523e-02
4.127499999999999919e-02
4.104999999999999621e-02
4.082500000000000018e-02
4.059999999999999720e-02
4.037500000000000117e-02
4.014999999999999819e-02
3.992500000000000215e-02
3.969999999999999224e-02
3.947499999999999620e-02
3.924999999999999323e-02
3.902499999999999719e-02
3.879999999999999422e-02
3.857499999999999818e-02
3.834999999999999520e-02
3.812499999999999917e-02
3.790000000000000313e-02
3.767500000000000016e-02
3.744999999999999718e-02
3.722499999999999420e-02
3.700000000000000511e-02
3.677500000000000213e-02
3.654999999999999916e-02
3.632499999999999618e-02
3.610000000000000708e-02
3.587499999999999023e-02
3.565000000000000113e-02
3.542499999999999816e-02
3.519999999999999518e-02
3.497499999999999221e-02
3.475000000000000311e-02
3.452500000000000013e-02
3.429999999999999716e-02
3.407499999999999418e-02
3.385000000000000508e-02
3.362499999999998823e-02
3.339999999999999913e-02
3.317499999999999616e-02
3.294999999999999318e-02
3.272499999999999021e-02
3.250000000000000111e-02
3.227499999999999813e-02
3.204999999999999516e-02
3.182500000000000606e-02
3.160000000000000309e-02
3.137500000000000011e-02
3.114999999999999714e-02
3.092499999999999416e-02
3.069999999999999118e-02
3.047500000000000209e-02
3.024999999999999911e-02
3.002499999999999614e-02
2.979999999999999316e-02
2.957500000000000406e-02
2.935000000000000109e-02
2.912499999999999811e-02
2.889999999999999514e-02
2.867499999999999216e-02
2.844999999999998919e-02
2.822500000000000009e-02
2.799999999999999711e-02
2.777499999999999414e-02
2.754999999999999116e-02
2.732500000000000207e-02
2.709999999999999909e-02
2.687499999999999611e-02
2.665000000000000702e-02
2.642499999999999016e-02
2.620000000000000107e-02
2.597499999999999809e-02
2.574999999999999512e-02
2.552499999999999214e-02
2.530000000000000304e-02
2.507500000000000007e-02
2.484999999999999709e-02
2.462499999999999412e-02
2.440000000000000502e-02
2.417499999999998817e-02
2.394999999999999907e-02
2.372499999999999609e-02
2.349999999999999312e-02
2.327499999999999014e-02
2.305000000000000104e-02
2.282499999999999807e-02
2.259999999999999509e-02
2.237499999999999212e-02
2.215000000000000302e-02
2.192499999999998617e-02
2.169999999999999707e-02
2.147499999999999409e-02
2.124999999999999112e-02
2.102500000000000202e-02
2.079999999999999905e-02
2.057499999999999607e-02
2.034999999999999309e-02
2.012500000000000400e-02
1.990000000000000102e-02
1.967499999999999805e-02
1.944999999999999507e-02
1.922500000000000597e-02
1.899999999999998912e-02
1.877500000000000002e-02
1.854999999999999705e-02
1.832499999999999407e-02
1.809999999999999110e-02
1.787500000000000200e-02
1.764999999999999902e-02
1.742499999999999605e-02
1.719999999999999307e-02
1.697499999999999010e-02
1.674999999999998712e-02
1.652499999999999802e-02
1.629999999999999505e-02
1.607499999999999207e-02
1.584999999999998910e-02
1.562500000000000000e-02
1.539999999999999702e-02
1.517499999999999405e-02
1.495000000000000495e-02
1.472499999999998810e-02
1.449999999999999900e-02
1.427499999999999603e-02
1.404999999999999305e-02
1.382499999999999007e-02
1.360000000000000098e-02
1.337499999999999800e-02
1.314999999999999503e-02
1.292499999999999205e-02
1.270000000000000295e-02
1.247499999999998610e-02
1.224999999999999700e-02
1.202499999999999403e-02
1.179999999999999105e-02
1.157499999999998808e-02
1.134999999999999898e-02
1.112499999999999600e-02
1.089999999999999303e-02
1.067499999999999005e-02
1.045000000000000095e-02
1.022499999999998410e-02
1.000000000000000021e-02
1.000000000000000021e-02
1.000000000000000021e-02
1.000000000000000021e-02
1.000000000000000021e-02
1.000000000000000021e-02
1.000000000000000021e-02
1.000000000000000021e-02
1.000000000000000021e-02
1.000000000000000021e-02
1.000000000000000021e-02
1.000000000000000021e-02
1.000000000000000021e-02
1.000000000000000021e-02
1.000000000000000021e-02
1.000000000000000021e-02
1.000000000000000021e-02
1.000000000000000021e-02
1.000000000000000021e-02
1.000000000000000021e-02
1.000000000000000021e-02
1.000000000000000021e-02
1.000000000000000021e-02
1.000000000000000021e-02
1.000000000000000021e-02
1.000000000000000021e-02
1.000000000000000021e-02
1.000000000000000021e-02
1.000000000000000021e-02
1.000000000000000021e-02
1.000000000000000021e-02
1.000000000000000021e-02
1.000000000000000021e-02
1.000000000000000021e-02
1.000000000000000021e-02
1.000000000000000021e-02
1.000000000000000021e-02
1.000000000000000021e-02
1.000000000000000021e-02
1.000000000000000021e-02
1.000000000000000021e-02
1.000000000000000021e-02
1.000000000000000021e-02
1.000000000000000021e-02
1.000000000000000021e-02
1.000000000000000021e-02
1.000000000000000021e-02
1.000000000000000021e-02
1.000000000000000021e-02
1.000000000000000021e-02
1.000000000000000021e-02
1.000000000000000021e-02
1.000000000000000021e-02
1.000000000000000021e-02
1.000000000000000021e-02
1.000000000000000021e-02
1.000000000000000021e-02
1.000000000000000021e-02
1.000000000000000021e-02
1.000000000000000021e-02
1.000000000000000021e-02
1.000000000000000021e-02
1.000000000000000021e-02
1.000000000000000021e-02
1.000000000000000021e-02
1.000000000000000021e-02
1.000000000000000021e-02
1.000000000000000021e-02
1.000000000000000021e-02
1.000000000000000021e-02
1.000000000000000021e-02
1.000000000000000021e-02
1.000000000000000021e-02
1.000000000000000021e-02
1.000000000000000021e-02
1.000000000000000021e-02
1.000000000000000021e-02
1.000000000000000021e-02
1.000000000000000021e-02
1.000000000000000021e-02
1.000000000000000021e-02
1.000000000000000021e-02
1.000000000000000021e-02
1.000000000000000021e-02
1.000000000000000021e-02
1.000000000000000021e-02
1.000000000000000021e-02
1.000000000000000021e-02
1.000000000000000021e-02
1.000000000000000021e-02
1.000000000000000021e-02
1.000000000000000021e-02
1.000000000000000021e-02
1.000000000000000021e-02
1.000000000000000021e-02
1.000000000000000021e-02
1.000000000000000021e-02
1.000000000000000021e-02
1.000000000000000021e-02
1.000000000000000021e-02
1.000000000000000021e-02
1.000000000000000021e-02
1.000000000000000021e-02
1.000000000000000021e-02
1.000000000000000021e-02
1.000000000000000021e-02
1.000000000000000021e-02
1.000000000000000021e-02
1.000000000000000021e-02
1.000000000000000021e-02
1.000000000000000021e-02
1.000000000000000021e-02
1.000000000000000021e-02
1.000000000000000021e-02
1.000000000000000021e-02
1.000000000000000021e-02
1.000000000000000021e-02
1.000000000000000021e-02
1.000000000000000021e-02
1.000000000000000021e-02
1.000000000000000021e-02
1.000000000000000021e-02
1.000000000000000021e-02
1.000000000000000021e-02
1.000000000000000021e-02
1.000000000000000021e-02
1.000000000000000021e-02
1.000000000000000021e-02
1.000000000000000021e-02
1.000000000000000021e-02
1.000000000000000021e-02
1.000000000000000021e-02
1.000000000000000021e-02
1.000000000000000021e-02
1.000000000000000021e-02
1.000000000000000021e-02
1.000000000000000021e-02
1.000000000000000021e-02
1.000000000000000021e-02
1.000000000000000021e-02
1.000000000000000021e-02
1.000000000000000021e-02
1.000000000000000021e-02
1.000000000000000021e-02
1.000000000000000021e-02
1.000000000000000021e-02
1.000000000000000021e-02
1.000000000000000021e-02
1.000000000000000021e-02
1.000000000000000021e-02
1.000000000000000021e-02
1.000000000000000021e-02
1.000000000000000021e-02
1.000000000000000021e-02
1.000000000000000021e-02
1.000000000000000021e-02
1.000000000000000021e-02
1.000000000000000021e-02
1.000000000000000021e-02
1.000000000000000021e-02
1.000000000000000021e-02
1.000000000000000021e-02
1.000000000000000021e-02
1.000000000000000021e-02
1.000000000000000021e-02
1.000000000000000021e-02
1.000000000000000021e-02
1.000000000000000021e-02
1.000000000000000021e-02
1.000000000000000021e-02
1.000000000000000021e-02
1.000000000000000021e-02
1.000000000000000021e-02
1.000000000000000021e-02
1.000000000000000021e-02
1.000000000000000021e-02
1.000000000000000021e-02
1.000000000000000021e-02
1.000000000000000021e-02
1.000000000000000021e-02
1.000000000000000021e-02
1.000000000000000021e-02
1.000000000000000021e-02
1.000000000000000021e-02
1.000000000000000021e-02
1.000000000000000021e-02
1.000000000000000021e-02
1.000000000000000021e-02
1.000000000000000021e-02
1.000000000000000021e-02
1.000000000000000021e-02
1.000000000000000021e-02
1.000000000000000021e-02
1.000000000000000021e-02
1.000000000000000021e-02
1.000000000000000021e-02
1.000000000000000021e-02
1.000000000000000021e-02
1.000000000000000021e-02
1.000000000000000021e-02
1.000000000000000021e-02
1.000000000000000021e-02
1.000000000000000021e-02
1.000000000000000021e-02
1.000000000000000021e-02
1.000000000000000021e-02
1.000000000000000021e-02
1.000000000000000021e-02
1.000000000000000021e-02
1.000000000000000021e-02
1.000000000000000021e-02
