8.164000000000000146e-01
8.127999999999999670e-01
8.092000000000000304e-01
8.055999999999999828e-01
8.020000000000000462e-01
7.983999999999999986e-01
7.947999999999999510e-01
7.912000000000000144e-01
7.875999999999999668e-01
7.840000000000000302e-01
7.803999999999999826e-01
7.767999999999999350e-01
7.731999999999999984e-01
7.695999999999999508e-01
7.660000000000000142e-01
7.623999999999999666e-01
7.587999999999999190e-01
7.551999999999999824e-01
7.515999999999999348e-01
7.479999999999999982e-01
7.443999999999999506e-01
7.408000000000000140e-01
7.372000000000000774e-01
7.336000000000000298e-01
7.299999999999999822e-01
7.263999999999999346e-01
7.227999999999999980e-01
7.192000000000000615e-01
7.156000000000000139e-01
7.119999999999999662e-01
7.083999999999999186e-01
7.047999999999999821e-01
7.012000000000000455e-01
6.975999999999999979e-01
6.939999999999999503e-01
6.904000000000000137e-01
6.868000000000000771e-01
6.832000000000000295e-01
6.795999999999999819e-01
6.759999999999999343e-01
6.723999999999999977e-01
6.688000000000000611e-01
6.652000000000000135e-01
6.615999999999999659e-01
6.579999999999999183e-01
6.543999999999999817e-01
6.508000000000000451e-01
6.471999999999999975e-01
6.435999999999999499e-01
6.399999999999999023e-01
6.363999999999999657e-01
6.328000000000000291e-01
6.291999999999999815e-01
6.255999999999999339e-01
6.219999999999999973e-01
6.184000000000000608e-01
6.148000000000000131e-01
6.111999999999999655e-01
6.075999999999999179e-01
6.039999999999999813e-01
6.004000000000000448e-01
5.967999999999999972e-01
5.931999999999999496e-01
5.895999999999999019e-01
5.859999999999999654e-01
5.824000000000000288e-01
5.787999999999999812e-01
5.751999999999999336e-01
5.715999999999999970e-01
5.680000000000000604e-01
5.644000000000000128e-01
5.607999999999999652e-01
5.571999999999999176e-01
5.535999999999999810e-01
5.500000000000000444e-01
5.463999999999999968e-01
5.427999999999999492e-01
5.391999999999999016e-01
5.355999999999999650e-01
5.320000000000000284e-01
5.283999999999999808e-01
5.247999999999999332e-01
5.211999999999998856e-01
5.175999999999999490e-01
5.140000000000000124e-01
5.103999999999999648e-01
5.067999999999999172e-01
5.031999999999998696e-01
4.995999999999999330e-01
4.959999999999998854e-01
4.924000000000000599e-01
4.888000000000000123e-01
4.852000000000000757e-01
4.816000000000000281e-01
4.779999999999999805e-01
4.744000000000000439e-01
4.707999999999999963e-01
4.672000000000000597e-01
4.636000000000000121e-01
4.599999999999999645e-01
4.564000000000000279e-01
4.527999999999999803e-01
4.492000000000000437e-01
4.455999999999999961e-01
4.419999999999999485e-01
4.384000000000000119e-01
4.347999999999999643e-01
4.312000000000000277e-01
4.275999999999999801e-01
4.239999999999999325e-01
4.203999999999999959e-01
4.167999999999999483e-01
4.132000000000000117e-01
4.095999999999999641e-01
4.059999999999999165e-01
4.023999999999999799e-01
3.987999999999999323e-01
3.951999999999999957e-01
3.915999999999999481e-01
3.879999999999999005e-01
3.843999999999999639e-01
3.808000000000000274e-01
3.771999999999999797e-01
3.736000000000000432e-01
3.699999999999999956e-01
3.664000000000000590e-01
3.628000000000000114e-01
3.591999999999999638e-01
3.556000000000000272e-01
3.519999999999999796e-01
3.484000000000000430e-01
3.447999999999999954e-01
3.411999999999999478e-01
3.376000000000000112e-01
3.339999999999999636e-01
3.304000000000000270e-01
3.267999999999999794e-01
3.231999999999999318e-01
3.195999999999999952e-01
3.159999999999999476e-01
3.124000000000000110e-01
3.087999999999999634e-01
3.051999999999999158e-01
3.015999999999999792e-01
2.979999999999999316e-01
2.943999999999999950e-01
2.907999999999999474e-01
2.871999999999998998e-01
2.835999999999999632e-01
2.799999999999999156e-01
2.763999999999999790e-01
2.727999999999999314e-01
2.691999999999998838e-01
2.656000000000000583e-01
2.620000000000000107e-01
2.584000000000000741e-01
2.548000000000000265e-01
2.511999999999999789e-01
2.476000000000000423e-01
2.439999999999999947e-01
2.404000000000000581e-01
2.368000000000000105e-01
2.331999999999999629e-01
2.296000000000000263e-01
2.259999999999999787e-01
2.224000000000000421e-01
2.187999999999999945e-01
2.151999999999999469e-01
2.116000000000000103e-01
2.079999999999999627e-01
2.044000000000000261e-01
2.007999999999999785e-01
1.971999999999999309e-01
1.935999999999999943e-01
1.899999999999999467e-01
1.864000000000000101e-01
1.827999999999999625e-01
1.791999999999999149e-01
1.755999999999999783e-01
1.719999999999999307e-01
1.683999999999999941e-01
1.647999999999999465e-01
1.611999999999998989e-01
1.575999999999999623e-01
1.540000000000000258e-01
1.503999999999999782e-01
1.468000000000000416e-01
1.431999999999999940e-01
1.396000000000000574e-01
1.360000000000000098e-01
1.323999999999999622e-01
1.288000000000000256e-01
1.251999999999999780e-01
1.216000000000000414e-01
1.179999999999999938e-01
1.143999999999999462e-01
1.108000000000000096e-01
1.071999999999999620e-01
1.036000000000000254e-01
1.000000000000000056e-01
9.964000000000000634e-02
9.928000000000000713e-02
9.892000000000000792e-02
9.856000000000000871e-02
9.820000000000000950e-02
9.784000000000001029e-02
9.748000000000001108e-02
9.712000000000001187e-02
9.675999999999999879e-02
9.639999999999999958e-02
9.604000000000000037e-02
9.568000000000000116e-02
9.532000000000000195e-02
9.496000000000000274e-02
9.460000000000000353e-02
9.424000000000000432e-02
9.388000000000000511e-02
9.352000000000000590e-02
9.316000000000000669e-02
9.280000000000000748e-02
9.244000000000000827e-02
9.208000000000000906e-02
9.172000000000000985e-02
9.135999999999999677e-02
9.099999999999999756e-02
9.063999999999999835e-02
9.027999999999999914e-02
8.991999999999999993e-02
8.956000000000000072e-02
8.920000000000000151e-02
8.884000000000000230e-02
8.848000000000000309e-02
8.812000000000000388e-02
8.776000000000000467e-02
8.740000000000000546e-02
8.704000000000000625e-02
8.668000000000000704e-02
8.632000000000000783e-02
8.596000000000000862e-02
8.560000000000000941e-02
8.524000000000001021e-02
8.487999999999999712e-02
8.452000000000001179e-02
8.416000000000001258e-02
8.379999999999999949e-02
8.344000000000000028e-02
8.308000000000000107e-02
8.272000000000000186e-02
8.236000000000000265e-02
8.200000000000000344e-02
8.164000000000000423e-02
8.128000000000000502e-02
8.092000000000000581e-02
8.056000000000000660e-02
8.020000000000000739e-02
7.983999999999999431e-02
7.947999999999999510e-02
7.911999999999999589e-02
7.875999999999999668e-02
7.839999999999999747e-02
7.803999999999999826e-02
7.767999999999999905e-02
7.731999999999999984e-02
7.696000000000000063e-02
7.660000000000000142e-02
7.624000000000000221e-02
7.588000000000000300e-02
7.552000000000000379e-02
7.516000000000000458e-02
7.480000000000000537e-02
7.444000000000000616e-02
7.408000000000000695e-02
7.372000000000000774e-02
7.336000000000000854e-02
7.300000000000000933e-02
7.264000000000001012e-02
7.228000000000001091e-02
7.191999999999999782e-02
7.155999999999999861e-02
7.119999999999999940e-02
7.084000000000000019e-02
7.048000000000000098e-02
7.012000000000000177e-02
6.976000000000000256e-02
6.940000000000000335e-02
6.904000000000000414e-02
6.868000000000000493e-02
6.832000000000000572e-02
6.796000000000000651e-02
6.759999999999999343e-02
6.723999999999999422e-02
6.687999999999999501e-02
6.651999999999999580e-02
6.615999999999999659e-02
6.579999999999999738e-02
6.543999999999999817e-02
6.507999999999999896e-02
6.471999999999999975e-02
6.436000000000000054e-02
6.400000000000000133e-02
6.364000000000000212e-02
6.328000000000000291e-02
6.292000000000000370e-02
6.256000000000000449e-02
6.220000000000000528e-02
6.183999999999999914e-02
6.147999999999999993e-02
6.112000000000000072e-02
6.076000000000000151e-02
6.040000000000000230e-02
6.004000000000000309e-02
5.967999999999999694e-02
5.931999999999999773e-02
5.895999999999999852e-02
5.859999999999999931e-02
5.824000000000000010e-02
5.788000000000000089e-02
5.752000000000000168e-02
5.716000000000000247e-02
5.680000000000000326e-02
5.644000000000000405e-02
5.607999999999999791e-02
5.571999999999999870e-02
5.535999999999999949e-02
5.500000000000000028e-02
5.464000000000000107e-02
5.428000000000000186e-02
5.392000000000000265e-02
5.355999999999999650e-02
5.319999999999999729e-02
5.283999999999999808e-02
5.247999999999999887e-02
5.211999999999999966e-02
5.176000000000000045e-02
5.139999999999999430e-02
5.103999999999999510e-02
5.067999999999999589e-02
5.031999999999999668e-02
4.995999999999999747e-02
4.959999999999999826e-02
4.924000000000000599e-02
4.888000000000000678e-02
4.852000000000000063e-02
4.816000000000000142e-02
4.780000000000000221e-02
4.744000000000000300e-02
4.708000000000000379e-02
4.672000000000000458e-02
4.635999999999999843e-02
4.599999999999999922e-02
4.564000000000000001e-02
4.528000000000000080e-02
4.492000000000000159e-02
4.456000000000000238e-02
4.419999999999999624e-02
4.383999999999999703e-02
4.347999999999999782e-02
4.311999999999999861e-02
4.275999999999999940e-02
4.240000000000000019e-02
4.203999999999999404e-02
4.167999999999999483e-02
4.131999999999999562e-02
4.095999999999999641e-02
4.059999999999999720e-02
4.023999999999999799e-02
3.987999999999999184e-02
3.951999999999999263e-02
3.915999999999999343e-02
3.879999999999999422e-02
3.843999999999999501e-02
3.808000000000000274e-02
3.772000000000000353e-02
3.736000000000000432e-02
3.700000000000000511e-02
3.664000000000000590e-02
3.628000000000000669e-02
3.592000000000000748e-02
3.555999999999999439e-02
3.519999999999999518e-02
3.483999999999999597e-02
3.447999999999999676e-02
3.411999999999999755e-02
3.375999999999999834e-02
3.339999999999999913e-02
3.303999999999999992e-02
3.268000000000000071e-02
3.232000000000000151e-02
3.196000000000000230e-02
3.160000000000000309e-02
3.123999999999999000e-02
3.087999999999999079e-02
3.051999999999999158e-02
3.015999999999999237e-02
2.979999999999999316e-02
2.943999999999999395e-02
2.907999999999999474e-02
2.871999999999999553e-02
2.835999999999999632e-02
2.799999999999999711e-02
2.763999999999999790e-02
2.727999999999999869e-02
2.691999999999998561e-02
2.656000000000000028e-02
2.620000000000000107e-02
2.584000000000000186e-02
2.548000000000000265e-02
2.512000000000000344e-02
2.476000000000000423e-02
2.440000000000000502e-02
2.404000000000000581e-02
2.367999999999999272e-02
2.331999999999999351e-02
2.295999999999999430e-02
2.259999999999999509e-02
2.223999999999999588e-02
2.187999999999999667e-02
2.151999999999999746e-02
2.115999999999999825e-02
2.079999999999999905e-02
2.043999999999999984e-02
2.008000000000000063e-02
1.972000000000000142e-02
1.935999999999998833e-02
1.899999999999998912e-02
1.863999999999998991e-02
1.827999999999999070e-02
1.791999999999999149e-02
1.755999999999999228e-02
1.719999999999999307e-02
1.683999999999999386e-02
1.647999999999999465e-02
1.611999999999999544e-02
1.575999999999999623e-02
