1.000000000000000048e-04
1.000000000000000048e-04
1.000000000000000048e-04
1.000000000000000048e-04
1.000000000000000048e-04
1.000000000000000048e-04
1.000000000000000048e-04
1.000000000000000048e-04
1.000000000000000048e-04
1.000000000000000048e-04
1.000000000000000048e-04
1.000000000000000048e-04
1.000000000000000048e-04
1.000000000000000048e-04
1.000000000000000048e-04
1.000000000000000048e-04
1.000000000000000048e-04
1.000000000000000048e-04
1.000000000000000048e-04
1.000000000000000048e-04
1.000000000000000048e-04
1.000000000000000048e-04
1.000000000000000048e-04
1.000000000000000048e-04
1.000000000000000048e-04
1.000000000000000048e-04
1.000000000000000048e-04
1.000000000000000048e-04
1.000000000000000048e-04
1.000000000000000048e-04
1.000000000000000048e-04
1.000000000000000048e-04
1.000000000000000048e-04
1.000000000000000048e-04
1.000000000000000048e-04
1.000000000000000048e-04
1.000000000000000048e-04
1.000000000000000048e-04
1.000000000000000048e-04
1.000000000000000048e-04
1.000000000000000048e-04
1.000000000000000048e-04
1.000000000000000048e-04
1.000000000000000048e-04
1.000000000000000048e-04
1.000000000000000048e-04
1.000000000000000048e-04
1.000000000000000048e-04
1.000000000000000048e-04
1.000000000000000048e-04
9.987500000000000175e-05
9.974999999999999872e-05
9.962500000000000923e-05
9.950000000000000619e-05
9.937500000000000315e-05
9.925000000000000011e-05
9.912500000000001063e-05
9.900000000000000759e-05
9.887500000000000455e-05
9.875000000000000151e-05
9.862499999999999848e-05
9.850000000000000899e-05
9.837500000000000595e-05
9.825000000000000291e-05
9.812499999999999987e-05
9.800000000000001039e-05
9.787500000000000735e-05
9.775000000000000431e-05
9.762500000000000127e-05
9.749999999999999823e-05
9.737500000000000875e-05
9.725000000000000571e-05
9.712500000000000267e-05
9.699999999999999963e-05
9.687500000000001015e-05
9.675000000000000711e-05
9.662500000000000407e-05
9.650000000000000103e-05
9.637499999999999799e-05
9.625000000000000851e-05
9.612500000000000547e-05
9.600000000000000243e-05
9.587499999999999939e-05
9.575000000000000991e-05
9.562500000000000687e-05
9.550000000000000383e-05
9.537500000000000079e-05
9.525000000000001131e-05
9.512500000000000827e-05
9.500000000000000523e-05
9.487500000000000219e-05
9.474999999999999915e-05
9.462500000000000967e-05
9.450000000000000663e-05
9.437500000000000359e-05
9.425000000000000055e-05
9.412500000000001107e-05
9.400000000000000803e-05
9.387500000000000499e-05
9.375000000000000195e-05
9.362499999999999891e-05
9.350000000000000943e-05
9.337500000000000639e-05
9.325000000000000335e-05
9.312500000000000031e-05
9.300000000000001083e-05
9.287500000000000779e-05
9.275000000000000475e-05
9.262500000000000171e-05
9.249999999999999867e-05
9.237500000000000919e-05
9.225000000000000615e-05
9.212500000000000311e-05
9.200000000000000007e-05
9.187499999999999703e-05
9.175000000000000755e-05
9.162500000000000451e-05
9.150000000000000147e-05
9.137500000000001199e-05
9.125000000000000895e-05
9.112500000000000591e-05
9.100000000000000287e-05
9.087499999999999983e-05
9.075000000000001035e-05
9.062500000000000731e-05
9.050000000000000427e-05
9.037500000000000123e-05
9.024999999999999819e-05
9.012500000000000871e-05
9.000000000000000567e-05
8.987500000000000263e-05
8.974999999999999959e-05
8.962500000000001011e-05
8.950000000000000707e-05
8.937500000000000403e-05
8.925000000000000099e-05
8.912500000000001150e-05
8.900000000000000847e-05
8.887500000000000543e-05
8.875000000000000239e-05
8.862499999999999935e-05
8.850000000000000987e-05
8.837500000000000683e-05
8.825000000000000379e-05
8.812500000000000075e-05
8.799999999999999771e-05
8.787500000000000823e-05
8.775000000000000519e-05
8.762500000000000215e-05
8.749999999999999911e-05
8.737500000000000963e-05
8.725000000000000659e-05
8.712500000000000355e-05
8.700000000000000051e-05
8.687500000000001102e-05
8.675000000000000799e-05
8.662500000000000495e-05
8.650000000000000191e-05
8.637499999999999887e-05
8.625000000000000938e-05
8.612500000000000635e-05
8.600000000000000331e-05
8.587500000000000027e-05
8.575000000000001078e-05
8.562500000000000775e-05
8.550000000000000471e-05
8.537500000000000167e-05
8.525000000000001218e-05
8.512500000000000914e-05
8.500000000000000611e-05
8.487500000000000307e-05
8.475000000000000003e-05
8.462500000000001054e-05
8.450000000000000751e-05
8.437500000000000447e-05
8.425000000000000143e-05
8.412499999999999839e-05
8.400000000000000890e-05
8.387500000000000587e-05
8.375000000000000283e-05
8.362499999999999979e-05
8.349999999999999675e-05
8.337500000000000727e-05
8.325000000000000423e-05
8.312500000000000119e-05
8.299999999999999815e-05
8.287499999999999511e-05
8.275000000000000563e-05
8.262500000000000259e-05
8.249999999999999955e-05
8.237500000000001006e-05
8.225000000000000702e-05
8.212500000000000399e-05
8.200000000000000095e-05
8.187499999999999791e-05
8.175000000000000842e-05
8.162500000000000539e-05
8.150000000000000235e-05
8.137499999999999931e-05
8.124999999999999627e-05
8.112500000000000678e-05
8.100000000000000375e-05
8.087500000000000071e-05
8.075000000000001122e-05
8.062500000000000818e-05
8.050000000000000515e-05
8.037500000000000211e-05
8.024999999999999907e-05
8.012500000000000958e-05
8.000000000000000654e-05
7.987500000000000351e-05
7.975000000000000047e-05
7.962499999999999743e-05
7.950000000000000794e-05
7.937500000000000490e-05
7.925000000000000187e-05
7.912500000000001238e-05
7.900000000000000934e-05
7.887500000000000630e-05
7.875000000000000327e-05
7.862500000000000023e-05
7.850000000000001074e-05
7.837500000000000770e-05
7.825000000000000466e-05
7.812500000000000163e-05
7.799999999999999859e-05
7.787500000000000910e-05
7.775000000000000606e-05
7.762500000000000303e-05
7.749999999999999999e-05
7.737499999999999695e-05
7.725000000000000746e-05
7.712500000000000442e-05
7.700000000000000139e-05
7.687499999999999835e-05
7.674999999999999531e-05
7.662500000000000582e-05
7.650000000000000279e-05
7.637499999999999975e-05
7.625000000000001026e-05
7.612500000000000722e-05
7.600000000000000418e-05
7.587500000000000115e-05
7.574999999999999811e-05
7.562500000000000862e-05
7.550000000000000558e-05
7.537500000000000254e-05
7.524999999999999951e-05
7.512499999999999647e-05
7.500000000000000698e-05
7.487500000000000394e-05
7.475000000000000091e-05
7.462500000000001142e-05
7.449999999999999483e-05
7.437500000000000534e-05
7.425000000000000230e-05
7.412499999999999927e-05
7.400000000000000978e-05
7.387500000000000674e-05
7.375000000000000370e-05
7.362500000000000067e-05
7.349999999999999763e-05
7.337500000000000814e-05
7.325000000000000510e-05
7.312500000000000206e-05
7.299999999999999903e-05
7.287499999999999599e-05
7.275000000000000650e-05
7.262500000000000346e-05
7.250000000000000043e-05
7.237500000000001094e-05
7.224999999999999435e-05
7.212500000000000486e-05
7.200000000000000182e-05
7.187499999999999879e-05
7.175000000000000930e-05
7.162500000000000626e-05
7.150000000000000322e-05
7.137500000000000018e-05
7.125000000000001070e-05
7.112500000000000766e-05
7.100000000000000462e-05
7.087500000000000158e-05
7.075000000000001210e-05
7.062499999999999551e-05
7.050000000000000602e-05
7.037500000000000298e-05
7.024999999999999994e-05
7.012499999999999691e-05
7.000000000000000742e-05
6.987500000000000438e-05
6.975000000000000134e-05
6.962499999999999831e-05
6.950000000000000882e-05
6.937499999999999223e-05
6.925000000000000274e-05
6.912499999999999970e-05
6.899999999999999667e-05
6.887500000000000718e-05
6.875000000000000414e-05
6.862500000000000110e-05
6.850000000000001162e-05
6.837500000000000858e-05
6.825000000000000554e-05
6.812500000000000250e-05
6.799999999999999946e-05
6.787500000000000998e-05
6.774999999999999339e-05
6.762500000000000390e-05
6.750000000000000086e-05
6.737499999999999782e-05
6.725000000000000834e-05
6.712500000000000530e-05
6.700000000000000226e-05
6.687500000000001278e-05
6.674999999999999619e-05
6.662500000000000670e-05
6.650000000000000366e-05
6.637500000000000062e-05
6.624999999999999758e-05
6.612499999999999455e-05
6.600000000000000506e-05
6.587500000000000202e-05
6.574999999999999898e-05
6.562500000000000950e-05
6.550000000000000646e-05
6.537500000000000342e-05
6.525000000000001394e-05
6.512499999999999734e-05
6.500000000000000786e-05
6.487500000000000482e-05
6.475000000000000178e-05
6.462500000000001230e-05
6.449999999999999570e-05
6.437500000000000622e-05
6.425000000000000318e-05
6.412500000000000014e-05
6.400000000000001066e-05
6.387499999999999407e-05
6.375000000000000458e-05
6.362500000000000154e-05
6.349999999999999850e-05
6.337500000000000902e-05
6.325000000000000598e-05
6.312500000000000294e-05
6.300000000000001345e-05
6.287499999999999686e-05
6.275000000000000738e-05
6.262499999999999079e-05
6.250000000000000130e-05
6.237500000000001182e-05
6.224999999999999522e-05
6.212500000000000574e-05
6.200000000000000270e-05
6.187499999999999966e-05
6.175000000000001018e-05
6.162500000000000714e-05
6.150000000000000410e-05
6.137500000000001461e-05
6.124999999999999802e-05
6.112500000000000854e-05
6.099999999999999872e-05
6.087500000000000246e-05
6.074999999999999942e-05
6.062500000000000316e-05
6.050000000000000012e-05
6.037500000000000386e-05
6.025000000000000082e-05
6.012500000000000456e-05
6.000000000000000152e-05
5.987500000000000526e-05
5.975000000000000222e-05
5.962500000000000596e-05
5.950000000000000292e-05
5.937499999999999988e-05
5.925000000000000362e-05
5.912500000000000058e-05
5.900000000000000432e-05
5.887500000000000128e-05
5.875000000000000502e-05
5.862500000000000198e-05
5.850000000000000572e-05
5.837500000000000268e-05
5.825000000000000642e-05
5.812500000000000338e-05
5.800000000000000712e-05
5.787500000000000408e-05
5.775000000000000104e-05
5.762499999999999800e-05
5.750000000000000174e-05
5.737499999999999870e-05
5.725000000000000244e-05
5.712499999999999940e-05
5.700000000000000314e-05
5.687500000000000010e-05
5.675000000000000384e-05
5.662500000000000080e-05
5.650000000000000454e-05
5.637500000000000150e-05
5.625000000000000524e-05
5.612500000000000220e-05
5.599999999999999916e-05
5.587500000000000290e-05
5.574999999999999986e-05
5.562500000000000360e-05
5.550000000000000056e-05
5.537500000000000430e-05
5.525000000000000126e-05
5.512500000000000500e-05
5.500000000000000196e-05
5.487500000000000570e-05
5.475000000000000266e-05
5.462500000000000640e-05
5.450000000000000336e-05
5.437500000000000710e-05
5.425000000000000406e-05
5.412500000000000102e-05
5.399999999999999798e-05
5.387500000000000172e-05
5.374999999999999868e-05
5.362500000000000242e-05
5.349999999999999938e-05
5.337500000000000312e-05
5.325000000000000008e-05
5.312500000000000382e-05
5.300000000000000755e-05
5.287500000000000452e-05
5.275000000000000825e-05
5.262500000000000522e-05
5.250000000000000218e-05
5.237499999999999914e-05
5.225000000000000288e-05
5.212499999999999984e-05
5.200000000000000358e-05
5.187500000000000054e-05
5.175000000000000428e-05
5.162500000000000124e-05
5.150000000000000498e-05
5.137500000000000194e-05
5.125000000000000567e-05
5.112500000000000264e-05
5.100000000000000637e-05
5.087500000000000334e-05
5.075000000000000030e-05
5.062499999999999726e-05
5.050000000000000100e-05
5.037499999999999796e-05
5.025000000000000170e-05
5.012499999999999866e-05
5.000000000000000240e-05
5.000000000000000240e-05
5.000000000000000240e-05
5.000000000000000240e-05
5.000000000000000240e-05
5.000000000000000240e-05
5.000000000000000240e-05
5.000000000000000240e-05
5.000000000000000240e-05
5.000000000000000240e-05
5.000000000000000240e-05
5.000000000000000240e-05
5.000000000000000240e-05
5.000000000000000240e-05
5.000000000000000240e-05
5.000000000000000240e-05
5.000000000000000240e-05
5.000000000000000240e-05
5.000000000000000240e-05
5.000000000000000240e-05
5.000000000000000240e-05
5.000000000000000240e-05
5.000000000000000240e-05
5.000000000000000240e-05
5.000000000000000240e-05
5.000000000000000240e-05
5.000000000000000240e-05
5.000000000000000240e-05
5.000000000000000240e-05
5.000000000000000240e-05
5.000000000000000240e-05
5.000000000000000240e-05
5.000000000000000240e-05
5.000000000000000240e-05
5.000000000000000240e-05
5.000000000000000240e-05
5.000000000000000240e-05
5.000000000000000240e-05
5.000000000000000240e-05
5.000000000000000240e-05
5.000000000000000240e-05
5.000000000000000240e-05
5.000000000000000240e-05
5.000000000000000240e-05
5.000000000000000240e-05
5.000000000000000240e-05
5.000000000000000240e-05
5.000000000000000240e-05
5.000000000000000240e-05
5.000000000000000240e-05
5.000000000000000240e-05
5.000000000000000240e-05
5.000000000000000240e-05
5.000000000000000240e-05
5.000000000000000240e-05
5.000000000000000240e-05
5.000000000000000240e-05
5.000000000000000240e-05
5.000000000000000240e-05
5.000000000000000240e-05
5.000000000000000240e-05
5.000000000000000240e-05
5.000000000000000240e-05
5.000000000000000240e-05
5.000000000000000240e-05
5.000000000000000240e-05
5.000000000000000240e-05
5.000000000000000240e-05
5.000000000000000240e-05
5.000000000000000240e-05
5.000000000000000240e-05
5.000000000000000240e-05
5.000000000000000240e-05
5.000000000000000240e-05
5.000000000000000240e-05
5.000000000000000240e-05
5.000000000000000240e-05
5.000000000000000240e-05
5.000000000000000240e-05
5.000000000000000240e-05
5.000000000000000240e-05
5.000000000000000240e-05
5.000000000000000240e-05
5.000000000000000240e-05
5.000000000000000240e-05
5.000000000000000240e-05
5.000000000000000240e-05
5.000000000000000240e-05
5.000000000000000240e-05
5.000000000000000240e-05
5.000000000000000240e-05
5.000000000000000240e-05
5.000000000000000240e-05
5.000000000000000240e-05
5.000000000000000240e-05
5.000000000000000240e-05
5.000000000000000240e-05
5.000000000000000240e-05
5.000000000000000240e-05
5.000000000000000240e-05
5.000000000000000240e-05
5.000000000000000240e-05
5.000000000000000240e-05
5.000000000000000240e-05
5.000000000000000240e-05
5.000000000000000240e-05
5.000000000000000240e-05
5.000000000000000240e-05
5.000000000000000240e-05
5.000000000000000240e-05
5.000000000000000240e-05
5.000000000000000240e-05
5.000000000000000240e-05
5.000000000000000240e-05
5.000000000000000240e-05
5.000000000000000240e-05
5.000000000000000240e-05
5.000000000000000240e-05
5.000000000000000240e-05
5.000000000000000240e-05
5.000000000000000240e-05
5.000000000000000240e-05
5.000000000000000240e-05
5.000000000000000240e-05
5.000000000000000240e-05
5.000000000000000240e-05
5.000000000000000240e-05
5.000000000000000240e-05
5.000000000000000240e-05
5.000000000000000240e-05
5.000000000000000240e-05
5.000000000000000240e-05
5.000000000000000240e-05
5.000000000000000240e-05
5.000000000000000240e-05
5.000000000000000240e-05
5.000000000000000240e-05
5.000000000000000240e-05
5.000000000000000240e-05
5.000000000000000240e-05
5.000000000000000240e-05
5.000000000000000240e-05
5.000000000000000240e-05
5.000000000000000240e-05
5.000000000000000240e-05
5.000000000000000240e-05
5.000000000000000240e-05
5.000000000000000240e-05
5.000000000000000240e-05
5.000000000000000240e-05
5.000000000000000240e-05
5.000000000000000240e-05
5.000000000000000240e-05
5.000000000000000240e-05
5.000000000000000240e-05
5.000000000000000240e-05
5.000000000000000240e-05
5.000000000000000240e-05
5.000000000000000240e-05
5.000000000000000240e-05
5.000000000000000240e-05
5.000000000000000240e-05
5.000000000000000240e-05
5.000000000000000240e-05
5.000000000000000240e-05
5.000000000000000240e-05
5.000000000000000240e-05
5.000000000000000240e-05
5.000000000000000240e-05
5.000000000000000240e-05
5.000000000000000240e-05
5.000000000000000240e-05
5.000000000000000240e-05
5.000000000000000240e-05
5.000000000000000240e-05
5.000000000000000240e-05
5.000000000000000240e-05
5.000000000000000240e-05
5.000000000000000240e-05
5.000000000000000240e-05
5.000000000000000240e-05
5.000000000000000240e-05
5.000000000000000240e-05
5.000000000000000240e-05
5.000000000000000240e-05
5.000000000000000240e-05
5.000000000000000240e-05
5.000000000000000240e-05
5.000000000000000240e-05
5.000000000000000240e-05
5.000000000000000240e-05
5.000000000000000240e-05
5.000000000000000240e-05
5.000000000000000240e-05
5.000000000000000240e-05
5.000000000000000240e-05
5.000000000000000240e-05
5.000000000000000240e-05
5.000000000000000240e-05
5.000000000000000240e-05
5.000000000000000240e-05
5.000000000000000240e-05
5.000000000000000240e-05
5.000000000000000240e-05
5.000000000000000240e-05
5.000000000000000240e-05
5.000000000000000240e-05
5.000000000000000240e-05
5.000000000000000240e-05
5.000000000000000240e-05
5.000000000000000240e-05
