-2.037000000000000099e+01
-2.030000000000000071e+01
-2.035000000000000142e+01
-2.028999999999999915e+01
-2.030999999999999872e+01
-2.033999999999999986e+01
-2.032000000000000028e+01
-2.035000000000000142e+01
-2.030999999999999872e+01
-2.035000000000000142e+01
-2.037999999999999901e+01
-2.039000000000000057e+01
-2.042000000000000171e+01
-2.046000000000000085e+01
-2.046999999999999886e+01
-2.055000000000000071e+01
-2.058999999999999986e+01
-2.053999999999999915e+01
-2.053999999999999915e+01
-2.053000000000000114e+01
-2.048999999999999844e+01
-2.044999999999999929e+01
-2.039999999999999858e+01
-2.035999999999999943e+01
-2.028000000000000114e+01
-2.019999999999999929e+01
-2.019000000000000128e+01
-2.012000000000000099e+01
-2.007000000000000028e+01
-1.998999999999999844e+01
-1.996000000000000085e+01
-1.987000000000000099e+01
-1.973999999999999844e+01
-1.964999999999999858e+01
-1.962000000000000099e+01
-1.955999999999999872e+01
-1.960999999999999943e+01
-1.955999999999999872e+01
-1.951000000000000156e+01
-1.944999999999999929e+01
-1.935000000000000142e+01
-1.917999999999999972e+01
-1.917000000000000171e+01
-1.905999999999999872e+01
-1.892999999999999972e+01
-1.882999999999999829e+01
-1.876999999999999957e+01
-1.869999999999999929e+01
-1.857000000000000028e+01
-1.851000000000000156e+01
-1.828999999999999915e+01
-1.807000000000000028e+01
-1.794999999999999929e+01
-1.776999999999999957e+01
-1.753999999999999915e+01
-1.739000000000000057e+01
-1.730999999999999872e+01
-1.726999999999999957e+01
-1.714999999999999858e+01
-1.691000000000000014e+01
-1.689999999999999858e+01
-1.678999999999999915e+01
-1.671999999999999886e+01
-1.653999999999999915e+01
-1.632000000000000028e+01
-1.617999999999999972e+01
-1.600000000000000000e+01
-1.583999999999999986e+01
-1.572000000000000064e+01
-1.556000000000000050e+01
-1.533999999999999986e+01
-1.527999999999999936e+01
-1.514000000000000057e+01
-1.505000000000000071e+01
-1.485999999999999943e+01
-1.466999999999999993e+01
-1.466000000000000014e+01
-1.442999999999999972e+01
-1.423000000000000043e+01
-1.396000000000000085e+01
-1.385999999999999943e+01
-1.355000000000000071e+01
-1.347000000000000064e+01
-1.346000000000000085e+01
-1.325000000000000000e+01
-1.300999999999999979e+01
-1.288000000000000078e+01
-1.277999999999999936e+01
-1.302999999999999936e+01
-1.289000000000000057e+01
-1.275000000000000000e+01
-1.267999999999999972e+01
-1.239000000000000057e+01
-1.218999999999999950e+01
-1.215000000000000036e+01
-1.223000000000000043e+01
-1.198000000000000043e+01
-1.174000000000000021e+01
-1.168999999999999950e+01
-1.168999999999999950e+01
-1.150000000000000000e+01
-1.133999999999999986e+01
-1.152999999999999936e+01
-1.149000000000000021e+01
-1.141000000000000014e+01
-1.132000000000000028e+01
-1.118999999999999950e+01
-1.131000000000000050e+01
-1.102999999999999936e+01
-1.094999999999999929e+01
-1.072000000000000064e+01
-1.061999999999999922e+01
-1.073000000000000043e+01
-1.072000000000000064e+01
-1.047000000000000064e+01
-1.041000000000000014e+01
-1.039000000000000057e+01
-1.028999999999999915e+01
-1.011999999999999922e+01
-1.025999999999999979e+01
-1.016999999999999993e+01
-1.021000000000000085e+01
-1.018999999999999950e+01
-1.028999999999999915e+01
-1.041000000000000014e+01
-1.044999999999999929e+01
-1.038000000000000078e+01
-1.032000000000000028e+01
-1.010999999999999943e+01
-9.980000000000000426e+00
-9.869999999999999218e+00
-9.810000000000000497e+00
-9.609999999999999432e+00
-9.599999999999999645e+00
-9.619999999999999218e+00
-9.460000000000000853e+00
-9.369999999999999218e+00
-9.179999999999999716e+00
-9.160000000000000142e+00
-9.160000000000000142e+00
-9.060000000000000497e+00
-8.660000000000000142e+00
-8.310000000000000497e+00
-8.470000000000000639e+00
-8.279999999999999361e+00
-8.009999999999999787e+00
-7.990000000000000213e+00
-7.849999999999999645e+00
-7.790000000000000036e+00
-7.650000000000000355e+00
-7.330000000000000071e+00
-7.320000000000000284e+00
-7.320000000000000284e+00
-6.969999999999999751e+00
-6.650000000000000355e+00
-6.309999999999999609e+00
-5.969999999999999751e+00
-5.740000000000000213e+00
-5.509999999999999787e+00
-5.169999999999999929e+00
-5.129999999999999893e+00
-5.169999999999999929e+00
-5.019999999999999574e+00
-4.809999999999999609e+00
-4.509999999999999787e+00
-4.299999999999999822e+00
-4.179999999999999716e+00
-3.890000000000000124e+00
-3.680000000000000160e+00
-3.390000000000000124e+00
-2.919999999999999929e+00
-2.899999999999999911e+00
-2.620000000000000107e+00
-2.750000000000000000e+00
-2.299999999999999822e+00
-2.169999999999999929e+00
-2.220000000000000195e+00
-1.939999999999999947e+00
-1.620000000000000107e+00
-1.500000000000000000e+00
-9.399999999999999467e-01
-8.699999999999999956e-01
-4.799999999999999822e-01
-1.700000000000000122e-01
4.299999999999999933e-01
5.200000000000000178e-01
7.399999999999999911e-01
8.399999999999999689e-01
1.189999999999999947e+00
1.620000000000000107e+00
1.770000000000000018e+00
1.979999999999999982e+00
2.209999999999999964e+00
2.370000000000000107e+00
2.439999999999999947e+00
2.709999999999999964e+00
2.939999999999999947e+00
3.200000000000000178e+00
3.520000000000000018e+00
3.819999999999999840e+00
3.910000000000000142e+00
4.059999999999999609e+00
4.500000000000000000e+00
4.690000000000000391e+00
4.820000000000000284e+00
5.019999999999999574e+00
5.230000000000000426e+00
5.650000000000000355e+00
6.089999999999999858e+00
6.790000000000000036e+00
6.969999999999999751e+00
7.370000000000000107e+00
7.820000000000000284e+00
8.009999999999999787e+00
8.330000000000000071e+00
8.800000000000000711e+00
9.029999999999999361e+00
9.189999999999999503e+00
9.400000000000000355e+00
9.609999999999999432e+00
9.820000000000000284e+00
1.007000000000000028e+01
1.046000000000000085e+01
1.053999999999999915e+01
1.090000000000000036e+01
1.125999999999999979e+01
1.173000000000000043e+01
1.202999999999999936e+01
1.247000000000000064e+01
1.286999999999999922e+01
1.298000000000000043e+01
1.326999999999999957e+01
1.341999999999999993e+01
1.373000000000000043e+01
1.381000000000000050e+01
1.406000000000000050e+01
1.422000000000000064e+01
1.425000000000000000e+01
1.447000000000000064e+01
1.453999999999999915e+01
1.465000000000000036e+01
1.483999999999999986e+01
1.508000000000000007e+01
1.549000000000000021e+01
1.576999999999999957e+01
1.586999999999999922e+01
1.601999999999999957e+01
1.626000000000000156e+01
1.626000000000000156e+01
1.625000000000000000e+01
1.626999999999999957e+01
1.639000000000000057e+01
1.650000000000000000e+01
1.662999999999999901e+01
1.685999999999999943e+01
1.712000000000000099e+01
1.719999999999999929e+01
1.728999999999999915e+01
1.753000000000000114e+01
1.758999999999999986e+01
1.778000000000000114e+01
1.778999999999999915e+01
1.789000000000000057e+01
1.789000000000000057e+01
1.800000000000000000e+01
1.808999999999999986e+01
1.812999999999999901e+01
1.817999999999999972e+01
1.832999999999999829e+01
1.830000000000000071e+01
1.832999999999999829e+01
1.830999999999999872e+01
1.835000000000000142e+01
1.839999999999999858e+01
1.812999999999999901e+01
1.801000000000000156e+01
1.807000000000000028e+01
1.798000000000000043e+01
1.803000000000000114e+01
1.800000000000000000e+01
1.796999999999999886e+01
1.794999999999999929e+01
1.796000000000000085e+01
1.789000000000000057e+01
1.785999999999999943e+01
1.785000000000000142e+01
1.762000000000000099e+01
1.762999999999999901e+01
1.755999999999999872e+01
1.748999999999999844e+01
1.750000000000000000e+01
1.739999999999999858e+01
1.721000000000000085e+01
1.701000000000000156e+01
1.685000000000000142e+01
1.662999999999999901e+01
1.682000000000000028e+01
1.678999999999999915e+01
1.669999999999999929e+01
1.669999999999999929e+01
1.660999999999999943e+01
1.655999999999999872e+01
1.651999999999999957e+01
1.648999999999999844e+01
1.639000000000000057e+01
1.644999999999999929e+01
1.642999999999999972e+01
1.639000000000000057e+01
1.664999999999999858e+01
1.664999999999999858e+01
1.682999999999999829e+01
1.698999999999999844e+01
1.721000000000000085e+01
1.746000000000000085e+01
1.787000000000000099e+01
1.823999999999999844e+01
1.826999999999999957e+01
1.828000000000000114e+01
1.839999999999999858e+01
1.855000000000000071e+01
1.862999999999999901e+01
1.871000000000000085e+01
1.885000000000000142e+01
1.894000000000000128e+01
1.900000000000000000e+01
1.914000000000000057e+01
1.928000000000000114e+01
1.926999999999999957e+01
1.928000000000000114e+01
1.912000000000000099e+01
1.908999999999999986e+01
1.894999999999999929e+01
1.898000000000000043e+01
1.894999999999999929e+01
1.889999999999999858e+01
1.901999999999999957e+01
1.908999999999999986e+01
1.905999999999999872e+01
1.907000000000000028e+01
1.912000000000000099e+01
1.912999999999999901e+01
1.912000000000000099e+01
1.923000000000000043e+01
1.923000000000000043e+01
1.923000000000000043e+01
1.930000000000000071e+01
1.932999999999999829e+01
1.953000000000000114e+01
1.953000000000000114e+01
1.958999999999999986e+01
1.967000000000000171e+01
1.967999999999999972e+01
1.960000000000000142e+01
1.944000000000000128e+01
1.939999999999999858e+01
1.935000000000000142e+01
1.935000000000000142e+01
1.933999999999999986e+01
1.923999999999999844e+01
1.921000000000000085e+01
1.926000000000000156e+01
1.926000000000000156e+01
1.928000000000000114e+01
1.925000000000000000e+01
1.923999999999999844e+01
1.921000000000000085e+01
1.914000000000000057e+01
1.916000000000000014e+01
1.914999999999999858e+01
1.905999999999999872e+01
1.901999999999999957e+01
1.908999999999999986e+01
1.921999999999999886e+01
1.923000000000000043e+01
1.923000000000000043e+01
1.923000000000000043e+01
1.919999999999999929e+01
1.926000000000000156e+01
1.921999999999999886e+01
1.919000000000000128e+01
1.914000000000000057e+01
1.912999999999999901e+01
1.919999999999999929e+01
1.919000000000000128e+01
1.928999999999999915e+01
1.935000000000000142e+01
1.941000000000000014e+01
1.946000000000000085e+01
1.951000000000000156e+01
1.960000000000000142e+01
1.962999999999999901e+01
1.962000000000000099e+01
1.975000000000000000e+01
1.978000000000000114e+01
1.987999999999999901e+01
1.996000000000000085e+01
2.003999999999999915e+01
2.008999999999999986e+01
2.008999999999999986e+01
2.010000000000000142e+01
2.001000000000000156e+01
1.976000000000000156e+01
1.969000000000000128e+01
1.971000000000000085e+01
1.969999999999999929e+01
1.971999999999999886e+01
1.975000000000000000e+01
1.973999999999999844e+01
1.980999999999999872e+01
1.985999999999999943e+01
1.987000000000000099e+01
1.991000000000000014e+01
1.992000000000000171e+01
1.987000000000000099e+01
1.989999999999999858e+01
1.994000000000000128e+01
1.996999999999999886e+01
2.003000000000000114e+01
2.037000000000000099e+01
2.041000000000000014e+01
2.046000000000000085e+01
2.046999999999999886e+01
2.048000000000000043e+01
2.046999999999999886e+01
2.051000000000000156e+01
2.051999999999999957e+01
2.048999999999999844e+01
2.050000000000000000e+01
2.044000000000000128e+01
2.041000000000000014e+01
2.044000000000000128e+01
2.042999999999999972e+01
2.042000000000000171e+01
2.042999999999999972e+01
2.044999999999999929e+01
2.044999999999999929e+01
2.041000000000000014e+01
2.039999999999999858e+01
2.037999999999999901e+01
2.035999999999999943e+01
2.035000000000000142e+01
2.028000000000000114e+01
2.023999999999999844e+01
2.021999999999999886e+01
2.021999999999999886e+01
2.021000000000000085e+01
2.026999999999999957e+01
2.030999999999999872e+01
2.032999999999999829e+01
2.032999999999999829e+01
2.032000000000000028e+01
2.026999999999999957e+01
2.026000000000000156e+01
2.025000000000000000e+01
2.017999999999999972e+01
2.019000000000000128e+01
2.014999999999999858e+01
2.003999999999999915e+01
1.996999999999999886e+01
2.003999999999999915e+01
2.005000000000000071e+01
1.998999999999999844e+01
1.992999999999999972e+01
1.989000000000000057e+01
1.980000000000000071e+01
1.971999999999999886e+01
1.973999999999999844e+01
1.976000000000000156e+01
1.971999999999999886e+01
1.976000000000000156e+01
1.976999999999999957e+01
1.978999999999999915e+01
1.985000000000000142e+01
1.987000000000000099e+01
1.991000000000000014e+01
2.001000000000000156e+01
2.010999999999999943e+01
2.014999999999999858e+01
2.019999999999999929e+01
2.028000000000000114e+01
2.035999999999999943e+01
2.033999999999999986e+01
2.044000000000000128e+01
2.044000000000000128e+01
2.044000000000000128e+01
2.051000000000000156e+01
2.053000000000000114e+01
2.053000000000000114e+01
2.055000000000000071e+01
2.051999999999999957e+01
2.055999999999999872e+01
2.057999999999999829e+01
2.057999999999999829e+01
2.057000000000000028e+01
2.053000000000000114e+01
2.050000000000000000e+01
2.046000000000000085e+01
2.046000000000000085e+01
2.053000000000000114e+01
2.055999999999999872e+01
2.055000000000000071e+01
2.050000000000000000e+01
2.044000000000000128e+01
2.041000000000000014e+01
2.041000000000000014e+01
2.042000000000000171e+01
2.042999999999999972e+01
2.042999999999999972e+01
2.042000000000000171e+01
2.044999999999999929e+01
2.046999999999999886e+01
2.051999999999999957e+01
2.055000000000000071e+01
2.057999999999999829e+01
2.060999999999999943e+01
2.058999999999999986e+01
2.057999999999999829e+01
2.067999999999999972e+01
2.071000000000000085e+01
2.078000000000000114e+01
2.078999999999999915e+01
2.080000000000000071e+01
2.080000000000000071e+01
2.082000000000000028e+01
2.082999999999999829e+01
2.083999999999999986e+01
2.085000000000000142e+01
2.085999999999999943e+01
2.085999999999999943e+01
2.089000000000000057e+01
2.087000000000000099e+01
2.087000000000000099e+01
2.087999999999999901e+01
2.083999999999999986e+01
2.082000000000000028e+01
2.082000000000000028e+01
2.078999999999999915e+01
2.078999999999999915e+01
2.076000000000000156e+01
2.076999999999999957e+01
2.075000000000000000e+01
2.073999999999999844e+01
2.073000000000000043e+01
2.073000000000000043e+01
2.073000000000000043e+01
2.073000000000000043e+01
2.071999999999999886e+01
2.073000000000000043e+01
2.073999999999999844e+01
2.076000000000000156e+01
2.078999999999999915e+01
2.080000000000000071e+01
2.080000000000000071e+01
2.083999999999999986e+01
2.085000000000000142e+01
2.085999999999999943e+01
2.087000000000000099e+01
2.085999999999999943e+01
2.085000000000000142e+01
2.083999999999999986e+01
2.085999999999999943e+01
2.085000000000000142e+01
2.083999999999999986e+01
2.083999999999999986e+01
2.083999999999999986e+01
2.082000000000000028e+01
2.080000000000000071e+01
2.080999999999999872e+01
2.080999999999999872e+01
2.082000000000000028e+01
2.082000000000000028e+01
2.082000000000000028e+01
2.082000000000000028e+01
2.082999999999999829e+01
2.082000000000000028e+01
2.085999999999999943e+01
2.085999999999999943e+01
2.085999999999999943e+01
2.085000000000000142e+01
2.087000000000000099e+01
2.089000000000000057e+01
2.089999999999999858e+01
2.092000000000000171e+01
2.092000000000000171e+01
2.089999999999999858e+01
2.089999999999999858e+01
2.089999999999999858e+01
2.089999999999999858e+01
2.089999999999999858e+01
2.089000000000000057e+01
2.087999999999999901e+01
2.087999999999999901e+01
2.087000000000000099e+01
2.087000000000000099e+01
2.083999999999999986e+01
2.080999999999999872e+01
2.080999999999999872e+01
2.080999999999999872e+01
2.082000000000000028e+01
2.082000000000000028e+01
2.082000000000000028e+01
2.082999999999999829e+01
2.080999999999999872e+01
2.080000000000000071e+01
2.080000000000000071e+01
2.082999999999999829e+01
2.082000000000000028e+01
2.083999999999999986e+01
2.085999999999999943e+01
2.085999999999999943e+01
2.089999999999999858e+01
2.092999999999999972e+01
2.089000000000000057e+01
2.087000000000000099e+01
2.087000000000000099e+01
2.085999999999999943e+01
2.085000000000000142e+01
2.082000000000000028e+01
2.080999999999999872e+01
2.082000000000000028e+01
2.080999999999999872e+01
2.080999999999999872e+01
2.082000000000000028e+01
2.080000000000000071e+01
2.080000000000000071e+01
2.080000000000000071e+01
2.080000000000000071e+01
2.080000000000000071e+01
2.078000000000000114e+01
2.082999999999999829e+01
2.085000000000000142e+01
2.082999999999999829e+01
2.082000000000000028e+01
2.083999999999999986e+01
2.087999999999999901e+01
2.087999999999999901e+01
2.091000000000000014e+01
2.091000000000000014e+01
2.091000000000000014e+01
2.089999999999999858e+01
2.092000000000000171e+01
2.092000000000000171e+01
2.092000000000000171e+01
2.092999999999999972e+01
2.094000000000000128e+01
2.094999999999999929e+01
2.094999999999999929e+01
2.094999999999999929e+01
2.098000000000000043e+01
2.098000000000000043e+01
2.098000000000000043e+01
