-2.037999999999999901e+01
-2.033999999999999986e+01
-2.037000000000000099e+01
-2.035000000000000142e+01
-2.041000000000000014e+01
-2.037999999999999901e+01
-2.039000000000000057e+01
-2.039999999999999858e+01
-2.037999999999999901e+01
-2.037000000000000099e+01
-2.039000000000000057e+01
-2.037000000000000099e+01
-2.032000000000000028e+01
-2.032999999999999829e+01
-2.033999999999999986e+01
-2.032000000000000028e+01
-2.026000000000000156e+01
-2.023999999999999844e+01
-2.025000000000000000e+01
-2.021999999999999886e+01
-2.017000000000000171e+01
-2.014000000000000057e+01
-2.005999999999999872e+01
-2.003999999999999915e+01
-1.992000000000000171e+01
-1.992000000000000171e+01
-1.996999999999999886e+01
-1.994999999999999929e+01
-1.989999999999999858e+01
-1.994999999999999929e+01
-1.996999999999999886e+01
-1.994999999999999929e+01
-1.992999999999999972e+01
-2.001000000000000156e+01
-1.994000000000000128e+01
-1.989999999999999858e+01
-1.969999999999999929e+01
-1.960999999999999943e+01
-1.953000000000000114e+01
-1.937999999999999901e+01
-1.926999999999999957e+01
-1.912999999999999901e+01
-1.898999999999999844e+01
-1.891000000000000014e+01
-1.878999999999999915e+01
-1.867000000000000171e+01
-1.855999999999999872e+01
-1.842000000000000171e+01
-1.828000000000000114e+01
-1.821000000000000085e+01
-1.819000000000000128e+01
-1.812999999999999901e+01
-1.819000000000000128e+01
-1.817000000000000171e+01
-1.803999999999999915e+01
-1.787000000000000099e+01
-1.776999999999999957e+01
-1.778000000000000114e+01
-1.762999999999999901e+01
-1.751000000000000156e+01
-1.726000000000000156e+01
-1.708999999999999986e+01
-1.701999999999999957e+01
-1.689000000000000057e+01
-1.676999999999999957e+01
-1.648999999999999844e+01
-1.644999999999999929e+01
-1.648999999999999844e+01
-1.639999999999999858e+01
-1.621000000000000085e+01
-1.599000000000000021e+01
-1.582000000000000028e+01
-1.557000000000000028e+01
-1.530000000000000071e+01
-1.525999999999999979e+01
-1.509999999999999964e+01
-1.507000000000000028e+01
-1.506000000000000050e+01
-1.490000000000000036e+01
-1.477999999999999936e+01
-1.492999999999999972e+01
-1.493999999999999950e+01
-1.499000000000000021e+01
-1.498000000000000043e+01
-1.483999999999999986e+01
-1.482000000000000028e+01
-1.476999999999999957e+01
-1.466000000000000014e+01
-1.453999999999999915e+01
-1.449000000000000021e+01
-1.421000000000000085e+01
-1.400999999999999979e+01
-1.391999999999999993e+01
-1.376999999999999957e+01
-1.372000000000000064e+01
-1.372000000000000064e+01
-1.359999999999999964e+01
-1.358000000000000007e+01
-1.350000000000000000e+01
-1.330000000000000071e+01
-1.333999999999999986e+01
-1.321000000000000085e+01
-1.311999999999999922e+01
-1.286999999999999922e+01
-1.285999999999999943e+01
-1.265000000000000036e+01
-1.240000000000000036e+01
-1.227999999999999936e+01
-1.200000000000000000e+01
-1.184999999999999964e+01
-1.176999999999999957e+01
-1.164000000000000057e+01
-1.150000000000000000e+01
-1.146000000000000085e+01
-1.164000000000000057e+01
-1.158999999999999986e+01
-1.147000000000000064e+01
-1.161999999999999922e+01
-1.136999999999999922e+01
-1.132000000000000028e+01
-1.123000000000000043e+01
-1.108999999999999986e+01
-1.108999999999999986e+01
-1.097000000000000064e+01
-1.086999999999999922e+01
-1.066999999999999993e+01
-1.053999999999999915e+01
-1.063000000000000078e+01
-1.072000000000000064e+01
-1.057000000000000028e+01
-1.055000000000000071e+01
-1.057000000000000028e+01
-1.059999999999999964e+01
-1.050999999999999979e+01
-1.040000000000000036e+01
-1.026999999999999957e+01
-1.025000000000000000e+01
-1.022000000000000064e+01
-1.006000000000000050e+01
-9.900000000000000355e+00
-9.910000000000000142e+00
-9.789999999999999147e+00
-9.789999999999999147e+00
-9.529999999999999361e+00
-9.390000000000000568e+00
-9.339999999999999858e+00
-9.279999999999999361e+00
-9.119999999999999218e+00
-9.050000000000000711e+00
-8.910000000000000142e+00
-8.750000000000000000e+00
-8.720000000000000639e+00
-8.460000000000000853e+00
-8.330000000000000071e+00
-8.050000000000000711e+00
-7.809999999999999609e+00
-7.889999999999999680e+00
-7.639999999999999680e+00
-7.530000000000000249e+00
-7.370000000000000107e+00
-7.320000000000000284e+00
-7.070000000000000284e+00
-6.839999999999999858e+00
-6.400000000000000355e+00
-6.179999999999999716e+00
-5.690000000000000391e+00
-5.669999999999999929e+00
-5.540000000000000036e+00
-5.290000000000000036e+00
-4.959999999999999964e+00
-4.540000000000000036e+00
-4.259999999999999787e+00
-3.990000000000000213e+00
-3.750000000000000000e+00
-3.520000000000000018e+00
-2.959999999999999964e+00
-2.779999999999999805e+00
-2.750000000000000000e+00
-2.490000000000000213e+00
-2.250000000000000000e+00
-1.959999999999999964e+00
-1.810000000000000053e+00
-1.570000000000000062e+00
-1.399999999999999911e+00
-1.290000000000000036e+00
-9.799999999999999822e-01
-6.700000000000000400e-01
-5.300000000000000266e-01
-2.500000000000000000e-01
-4.000000000000000083e-02
1.600000000000000033e-01
6.700000000000000400e-01
8.299999999999999600e-01
1.000000000000000000e+00
1.370000000000000107e+00
1.540000000000000036e+00
1.790000000000000036e+00
2.020000000000000018e+00
2.560000000000000053e+00
2.680000000000000160e+00
2.810000000000000053e+00
3.060000000000000053e+00
3.149999999999999911e+00
3.330000000000000071e+00
3.549999999999999822e+00
3.770000000000000018e+00
4.049999999999999822e+00
3.950000000000000178e+00
4.080000000000000071e+00
4.290000000000000036e+00
4.429999999999999716e+00
4.750000000000000000e+00
4.910000000000000142e+00
5.190000000000000391e+00
5.290000000000000036e+00
5.379999999999999893e+00
5.450000000000000178e+00
5.459999999999999964e+00
5.509999999999999787e+00
5.559999999999999609e+00
5.610000000000000320e+00
5.980000000000000426e+00
6.299999999999999822e+00
6.419999999999999929e+00
6.509999999999999787e+00
6.740000000000000213e+00
6.950000000000000178e+00
7.259999999999999787e+00
7.379999999999999893e+00
7.589999999999999858e+00
7.860000000000000320e+00
7.959999999999999964e+00
8.160000000000000142e+00
8.410000000000000142e+00
8.419999999999999929e+00
8.589999999999999858e+00
8.630000000000000782e+00
8.720000000000000639e+00
8.849999999999999645e+00
9.039999999999999147e+00
9.359999999999999432e+00
9.820000000000000284e+00
1.008999999999999986e+01
1.025999999999999979e+01
1.069999999999999929e+01
1.118999999999999950e+01
1.150999999999999979e+01
1.178999999999999915e+01
1.233999999999999986e+01
1.269999999999999929e+01
1.301999999999999957e+01
1.330000000000000071e+01
1.361999999999999922e+01
1.410999999999999943e+01
1.435999999999999943e+01
1.476999999999999957e+01
1.491999999999999993e+01
1.507000000000000028e+01
1.519999999999999929e+01
1.543999999999999950e+01
1.566999999999999993e+01
1.572000000000000064e+01
1.571000000000000085e+01
1.588000000000000078e+01
1.599000000000000021e+01
1.625000000000000000e+01
1.650000000000000000e+01
1.653000000000000114e+01
1.655000000000000071e+01
1.653999999999999915e+01
1.653999999999999915e+01
1.669000000000000128e+01
1.676000000000000156e+01
1.682000000000000028e+01
1.685000000000000142e+01
1.696000000000000085e+01
1.703999999999999915e+01
1.708999999999999986e+01
1.714999999999999858e+01
1.726000000000000156e+01
1.742999999999999972e+01
1.753000000000000114e+01
1.773000000000000043e+01
1.789000000000000057e+01
1.798999999999999844e+01
1.794000000000000128e+01
1.796999999999999886e+01
1.794000000000000128e+01
1.794000000000000128e+01
1.805999999999999872e+01
1.819000000000000128e+01
1.807000000000000028e+01
1.807999999999999829e+01
1.805999999999999872e+01
1.801999999999999957e+01
1.794000000000000128e+01
1.796999999999999886e+01
1.800000000000000000e+01
1.808999999999999986e+01
1.821000000000000085e+01
1.826999999999999957e+01
1.825000000000000000e+01
1.835999999999999943e+01
1.828000000000000114e+01
1.828999999999999915e+01
1.835999999999999943e+01
1.839999999999999858e+01
1.846999999999999886e+01
1.853999999999999915e+01
1.860999999999999943e+01
1.860999999999999943e+01
1.867000000000000171e+01
1.876999999999999957e+01
1.885000000000000142e+01
1.903000000000000114e+01
1.907999999999999829e+01
1.916000000000000014e+01
1.917999999999999972e+01
1.914000000000000057e+01
1.917000000000000171e+01
1.925000000000000000e+01
1.925000000000000000e+01
1.942999999999999972e+01
1.944000000000000128e+01
1.944000000000000128e+01
1.939000000000000057e+01
1.944000000000000128e+01
1.939000000000000057e+01
1.939000000000000057e+01
1.948000000000000043e+01
1.957000000000000028e+01
1.953999999999999915e+01
1.953999999999999915e+01
1.953000000000000114e+01
1.955000000000000071e+01
1.951000000000000156e+01
1.960000000000000142e+01
1.957999999999999829e+01
1.960000000000000142e+01
1.955999999999999872e+01
1.953999999999999915e+01
1.951999999999999957e+01
1.951999999999999957e+01
1.957000000000000028e+01
1.964000000000000057e+01
1.964000000000000057e+01
1.964000000000000057e+01
1.967000000000000171e+01
1.964999999999999858e+01
1.962999999999999901e+01
1.964999999999999858e+01
1.964000000000000057e+01
1.966000000000000014e+01
1.967999999999999972e+01
1.962999999999999901e+01
1.964000000000000057e+01
1.967000000000000171e+01
1.962999999999999901e+01
1.966000000000000014e+01
1.971000000000000085e+01
1.971000000000000085e+01
1.973000000000000043e+01
1.973999999999999844e+01
1.971999999999999886e+01
1.975000000000000000e+01
1.980999999999999872e+01
1.980999999999999872e+01
1.982000000000000028e+01
1.980999999999999872e+01
1.985000000000000142e+01
1.985000000000000142e+01
1.983999999999999986e+01
1.987000000000000099e+01
1.987000000000000099e+01
1.991000000000000014e+01
1.992000000000000171e+01
1.991000000000000014e+01
1.989999999999999858e+01
1.991000000000000014e+01
1.987999999999999901e+01
1.989999999999999858e+01
1.992000000000000171e+01
1.998999999999999844e+01
1.994000000000000128e+01
1.989999999999999858e+01
1.992999999999999972e+01
1.994999999999999929e+01
1.994999999999999929e+01
1.996000000000000085e+01
2.000000000000000000e+01
2.001999999999999957e+01
2.001999999999999957e+01
1.996000000000000085e+01
1.996000000000000085e+01
1.996999999999999886e+01
1.992000000000000171e+01
1.992999999999999972e+01
1.998999999999999844e+01
1.998000000000000043e+01
1.996000000000000085e+01
1.992999999999999972e+01
1.996000000000000085e+01
2.003999999999999915e+01
2.001000000000000156e+01
2.005000000000000071e+01
2.007999999999999829e+01
2.005000000000000071e+01
2.005000000000000071e+01
2.001999999999999957e+01
2.005000000000000071e+01
2.012999999999999901e+01
2.012000000000000099e+01
2.012999999999999901e+01
2.019000000000000128e+01
2.023000000000000043e+01
2.028000000000000114e+01
2.028000000000000114e+01
2.030999999999999872e+01
2.035000000000000142e+01
2.032999999999999829e+01
2.032000000000000028e+01
2.033999999999999986e+01
2.032999999999999829e+01
2.039000000000000057e+01
2.039000000000000057e+01
2.044000000000000128e+01
2.041000000000000014e+01
2.037000000000000099e+01
2.035000000000000142e+01
2.037000000000000099e+01
2.042000000000000171e+01
2.039999999999999858e+01
2.033999999999999986e+01
2.032000000000000028e+01
2.025000000000000000e+01
2.023000000000000043e+01
2.017999999999999972e+01
2.019000000000000128e+01
2.014999999999999858e+01
2.017000000000000171e+01
2.019999999999999929e+01
2.019000000000000128e+01
2.023000000000000043e+01
2.026000000000000156e+01
2.026999999999999957e+01
2.030999999999999872e+01
2.033999999999999986e+01
2.033999999999999986e+01
2.032000000000000028e+01
2.033999999999999986e+01
2.037000000000000099e+01
2.044000000000000128e+01
2.044000000000000128e+01
2.048000000000000043e+01
2.048000000000000043e+01
2.053000000000000114e+01
2.053000000000000114e+01
2.051000000000000156e+01
2.051999999999999957e+01
2.051999999999999957e+01
2.046000000000000085e+01
2.046999999999999886e+01
2.048000000000000043e+01
2.048999999999999844e+01
2.048000000000000043e+01
2.046999999999999886e+01
2.048000000000000043e+01
2.048000000000000043e+01
2.044999999999999929e+01
2.048000000000000043e+01
2.050000000000000000e+01
2.051999999999999957e+01
2.051000000000000156e+01
2.048999999999999844e+01
2.051999999999999957e+01
2.055000000000000071e+01
2.053999999999999915e+01
2.060999999999999943e+01
2.057999999999999829e+01
2.055999999999999872e+01
2.057999999999999829e+01
2.058999999999999986e+01
2.058999999999999986e+01
2.058999999999999986e+01
2.057999999999999829e+01
2.058999999999999986e+01
2.058999999999999986e+01
2.057999999999999829e+01
2.057000000000000028e+01
2.057999999999999829e+01
2.057000000000000028e+01
2.053000000000000114e+01
2.051999999999999957e+01
2.051000000000000156e+01
2.051000000000000156e+01
2.057000000000000028e+01
2.057000000000000028e+01
2.051999999999999957e+01
2.051999999999999957e+01
2.053000000000000114e+01
2.051000000000000156e+01
2.051999999999999957e+01
2.057000000000000028e+01
2.057000000000000028e+01
2.057999999999999829e+01
2.055999999999999872e+01
2.057000000000000028e+01
2.060000000000000142e+01
2.062999999999999901e+01
2.062999999999999901e+01
2.066000000000000014e+01
2.067000000000000171e+01
2.060999999999999943e+01
2.064000000000000057e+01
2.069000000000000128e+01
2.069999999999999929e+01
2.057000000000000028e+01
2.055999999999999872e+01
2.055000000000000071e+01
2.044000000000000128e+01
2.037999999999999901e+01
2.039000000000000057e+01
2.041000000000000014e+01
2.042000000000000171e+01
2.037999999999999901e+01
2.037000000000000099e+01
2.037999999999999901e+01
2.032000000000000028e+01
2.030000000000000071e+01
2.030999999999999872e+01
2.032000000000000028e+01
2.032000000000000028e+01
2.032000000000000028e+01
2.042999999999999972e+01
2.039999999999999858e+01
2.044999999999999929e+01
2.053000000000000114e+01
2.057999999999999829e+01
2.055999999999999872e+01
2.055000000000000071e+01
2.055000000000000071e+01
2.051999999999999957e+01
2.050000000000000000e+01
2.048000000000000043e+01
2.053999999999999915e+01
2.055999999999999872e+01
2.057000000000000028e+01
2.055000000000000071e+01
2.051999999999999957e+01
2.048999999999999844e+01
2.053000000000000114e+01
2.053999999999999915e+01
2.055999999999999872e+01
2.057000000000000028e+01
2.055000000000000071e+01
2.058999999999999986e+01
2.057000000000000028e+01
2.057999999999999829e+01
2.060000000000000142e+01
2.062999999999999901e+01
2.064000000000000057e+01
2.064999999999999858e+01
2.067000000000000171e+01
2.067999999999999972e+01
2.069999999999999929e+01
2.071999999999999886e+01
2.073999999999999844e+01
2.069999999999999929e+01
2.073000000000000043e+01
2.071000000000000085e+01
2.071000000000000085e+01
2.066000000000000014e+01
2.066000000000000014e+01
2.064000000000000057e+01
2.066000000000000014e+01
2.069000000000000128e+01
2.069999999999999929e+01
2.064999999999999858e+01
2.064000000000000057e+01
2.064000000000000057e+01
2.062000000000000099e+01
2.060999999999999943e+01
2.060999999999999943e+01
2.062999999999999901e+01
2.066000000000000014e+01
2.067999999999999972e+01
2.069999999999999929e+01
2.071999999999999886e+01
2.076000000000000156e+01
2.078000000000000114e+01
2.076000000000000156e+01
2.073000000000000043e+01
2.073999999999999844e+01
2.071000000000000085e+01
2.071999999999999886e+01
2.073000000000000043e+01
2.075000000000000000e+01
2.073999999999999844e+01
2.073000000000000043e+01
2.071999999999999886e+01
2.069000000000000128e+01
2.067999999999999972e+01
2.064000000000000057e+01
2.062999999999999901e+01
2.062000000000000099e+01
2.064999999999999858e+01
2.067000000000000171e+01
2.067000000000000171e+01
2.064999999999999858e+01
2.064000000000000057e+01
2.064999999999999858e+01
2.064999999999999858e+01
2.060000000000000142e+01
2.057000000000000028e+01
2.057000000000000028e+01
2.058999999999999986e+01
2.055999999999999872e+01
2.055999999999999872e+01
2.057000000000000028e+01
2.053999999999999915e+01
2.053999999999999915e+01
2.053999999999999915e+01
2.053000000000000114e+01
2.051999999999999957e+01
2.051000000000000156e+01
2.051999999999999957e+01
2.051000000000000156e+01
2.051000000000000156e+01
2.050000000000000000e+01
2.053999999999999915e+01
2.053999999999999915e+01
2.053999999999999915e+01
2.055000000000000071e+01
2.060999999999999943e+01
2.060000000000000142e+01
2.058999999999999986e+01
2.062999999999999901e+01
2.060999999999999943e+01
2.057000000000000028e+01
2.057999999999999829e+01
2.053999999999999915e+01
2.058999999999999986e+01
2.055999999999999872e+01
2.051999999999999957e+01
2.053000000000000114e+01
2.055000000000000071e+01
2.055000000000000071e+01
2.051999999999999957e+01
2.050000000000000000e+01
2.048000000000000043e+01
2.048999999999999844e+01
2.050000000000000000e+01
2.046000000000000085e+01
2.048000000000000043e+01
2.048000000000000043e+01
2.051000000000000156e+01
2.051000000000000156e+01
2.051999999999999957e+01
2.051000000000000156e+01
2.055999999999999872e+01
