-2.035999999999999943e+01
-2.030000000000000071e+01
-2.026999999999999957e+01
-2.023000000000000043e+01
-2.026000000000000156e+01
-2.023999999999999844e+01
-2.019999999999999929e+01
-2.017999999999999972e+01
-2.012000000000000099e+01
-2.014000000000000057e+01
-2.007000000000000028e+01
-2.008999999999999986e+01
-2.010999999999999943e+01
-2.010999999999999943e+01
-2.016000000000000014e+01
-2.023000000000000043e+01
-2.019999999999999929e+01
-2.017000000000000171e+01
-2.023000000000000043e+01
-2.021000000000000085e+01
-2.032999999999999829e+01
-2.030000000000000071e+01
-2.028999999999999915e+01
-2.019000000000000128e+01
-2.014999999999999858e+01
-2.008999999999999986e+01
-2.005000000000000071e+01
-2.001999999999999957e+01
-2.003999999999999915e+01
-2.007000000000000028e+01
-2.001000000000000156e+01
-1.994999999999999929e+01
-1.987000000000000099e+01
-1.985000000000000142e+01
-1.980000000000000071e+01
-1.976999999999999957e+01
-1.975000000000000000e+01
-1.964000000000000057e+01
-1.960000000000000142e+01
-1.944999999999999929e+01
-1.935000000000000142e+01
-1.933999999999999986e+01
-1.926000000000000156e+01
-1.923000000000000043e+01
-1.925000000000000000e+01
-1.925000000000000000e+01
-1.912000000000000099e+01
-1.905000000000000071e+01
-1.908999999999999986e+01
-1.910000000000000142e+01
-1.901999999999999957e+01
-1.903000000000000114e+01
-1.898999999999999844e+01
-1.882999999999999829e+01
-1.876000000000000156e+01
-1.869999999999999929e+01
-1.860999999999999943e+01
-1.855999999999999872e+01
-1.846999999999999886e+01
-1.835999999999999943e+01
-1.821000000000000085e+01
-1.817999999999999972e+01
-1.814000000000000057e+01
-1.805999999999999872e+01
-1.796999999999999886e+01
-1.792999999999999972e+01
-1.778999999999999915e+01
-1.760999999999999943e+01
-1.755999999999999872e+01
-1.751999999999999957e+01
-1.751000000000000156e+01
-1.744000000000000128e+01
-1.730999999999999872e+01
-1.732000000000000028e+01
-1.723000000000000043e+01
-1.723000000000000043e+01
-1.723000000000000043e+01
-1.719999999999999929e+01
-1.721000000000000085e+01
-1.714999999999999858e+01
-1.712000000000000099e+01
-1.705000000000000071e+01
-1.698000000000000043e+01
-1.683999999999999986e+01
-1.669000000000000128e+01
-1.662999999999999901e+01
-1.660999999999999943e+01
-1.657999999999999829e+01
-1.648000000000000043e+01
-1.630999999999999872e+01
-1.626999999999999957e+01
-1.619999999999999929e+01
-1.608999999999999986e+01
-1.612000000000000099e+01
-1.607999999999999829e+01
-1.598000000000000043e+01
-1.576999999999999957e+01
-1.568999999999999950e+01
-1.575000000000000000e+01
-1.566999999999999993e+01
-1.552999999999999936e+01
-1.548000000000000043e+01
-1.539000000000000057e+01
-1.533000000000000007e+01
-1.536999999999999922e+01
-1.533000000000000007e+01
-1.518999999999999950e+01
-1.519999999999999929e+01
-1.524000000000000021e+01
-1.515000000000000036e+01
-1.503999999999999915e+01
-1.506000000000000050e+01
-1.499000000000000021e+01
-1.478999999999999915e+01
-1.465000000000000036e+01
-1.452999999999999936e+01
-1.431000000000000050e+01
-1.418999999999999950e+01
-1.408000000000000007e+01
-1.397000000000000064e+01
-1.383999999999999986e+01
-1.355000000000000071e+01
-1.335999999999999943e+01
-1.331000000000000050e+01
-1.313000000000000078e+01
-1.294999999999999929e+01
-1.275000000000000000e+01
-1.256000000000000050e+01
-1.234999999999999964e+01
-1.213000000000000078e+01
-1.199000000000000021e+01
-1.155000000000000071e+01
-1.140000000000000036e+01
-1.107000000000000028e+01
-1.083999999999999986e+01
-1.059999999999999964e+01
-1.052999999999999936e+01
-1.038000000000000078e+01
-1.024000000000000021e+01
-1.008000000000000007e+01
-9.960000000000000853e+00
-9.660000000000000142e+00
-9.230000000000000426e+00
-8.990000000000000213e+00
-8.599999999999999645e+00
-8.089999999999999858e+00
-7.660000000000000142e+00
-7.110000000000000320e+00
-6.690000000000000391e+00
-6.389999999999999680e+00
-6.000000000000000000e+00
-5.419999999999999929e+00
-5.280000000000000249e+00
-4.860000000000000320e+00
-4.450000000000000178e+00
-4.160000000000000142e+00
-3.970000000000000195e+00
-3.450000000000000178e+00
-3.140000000000000124e+00
-2.669999999999999929e+00
-2.279999999999999805e+00
-1.780000000000000027e+00
-1.189999999999999947e+00
-8.900000000000000133e-01
2.999999999999999889e-02
5.999999999999999778e-01
1.520000000000000018e+00
2.930000000000000160e+00
3.720000000000000195e+00
4.339999999999999858e+00
5.240000000000000213e+00
5.759999999999999787e+00
6.240000000000000213e+00
6.620000000000000107e+00
6.910000000000000142e+00
7.259999999999999787e+00
7.639999999999999680e+00
8.220000000000000639e+00
8.880000000000000782e+00
9.250000000000000000e+00
9.890000000000000568e+00
1.026999999999999957e+01
1.082000000000000028e+01
1.146000000000000085e+01
1.189000000000000057e+01
1.239000000000000057e+01
1.291999999999999993e+01
1.347000000000000064e+01
1.375000000000000000e+01
1.408999999999999986e+01
1.425999999999999979e+01
1.427999999999999936e+01
1.433999999999999986e+01
1.441999999999999993e+01
1.471000000000000085e+01
1.486999999999999922e+01
1.515000000000000036e+01
1.558000000000000007e+01
1.596000000000000085e+01
1.625000000000000000e+01
1.628999999999999915e+01
1.628999999999999915e+01
1.648000000000000043e+01
1.671999999999999886e+01
1.687000000000000099e+01
1.701999999999999957e+01
1.698000000000000043e+01
1.701000000000000156e+01
1.696000000000000085e+01
1.698999999999999844e+01
1.701999999999999957e+01
1.712000000000000099e+01
1.721000000000000085e+01
1.732999999999999829e+01
1.732999999999999829e+01
1.737000000000000099e+01
1.742000000000000171e+01
1.746000000000000085e+01
1.739999999999999858e+01
1.730999999999999872e+01
1.717000000000000171e+01
1.710999999999999943e+01
1.714999999999999858e+01
1.732999999999999829e+01
1.726999999999999957e+01
1.723000000000000043e+01
1.707000000000000028e+01
1.687000000000000099e+01
1.666000000000000014e+01
1.664000000000000057e+01
1.658999999999999986e+01
1.653999999999999915e+01
1.657000000000000028e+01
1.637999999999999901e+01
1.628999999999999915e+01
1.610000000000000142e+01
1.591999999999999993e+01
1.578999999999999915e+01
1.564000000000000057e+01
1.553999999999999915e+01
1.551999999999999957e+01
1.530000000000000071e+01
1.525999999999999979e+01
1.519999999999999929e+01
1.514000000000000057e+01
1.524000000000000021e+01
1.517999999999999972e+01
1.509999999999999964e+01
1.490000000000000036e+01
1.473000000000000043e+01
1.489000000000000057e+01
1.503999999999999915e+01
1.532000000000000028e+01
1.543999999999999950e+01
1.535999999999999943e+01
1.533000000000000007e+01
1.530000000000000071e+01
1.525000000000000000e+01
1.536999999999999922e+01
1.556000000000000050e+01
1.568999999999999950e+01
1.571000000000000085e+01
1.585999999999999943e+01
1.583000000000000007e+01
1.593999999999999950e+01
1.612999999999999901e+01
1.621000000000000085e+01
1.623999999999999844e+01
1.632000000000000028e+01
1.644999999999999929e+01
1.646000000000000085e+01
1.662999999999999901e+01
1.671999999999999886e+01
1.671000000000000085e+01
1.671000000000000085e+01
1.678999999999999915e+01
1.691000000000000014e+01
1.701999999999999957e+01
1.721000000000000085e+01
1.730999999999999872e+01
1.737000000000000099e+01
1.737000000000000099e+01
1.739999999999999858e+01
1.744999999999999929e+01
1.730000000000000071e+01
1.737999999999999901e+01
1.728000000000000114e+01
1.710999999999999943e+01
1.712999999999999901e+01
1.719000000000000128e+01
1.723000000000000043e+01
1.716000000000000014e+01
1.717999999999999972e+01
1.732999999999999829e+01
1.730999999999999872e+01
1.737000000000000099e+01
1.741000000000000014e+01
1.748999999999999844e+01
1.755000000000000071e+01
1.762999999999999901e+01
1.780000000000000071e+01
1.796999999999999886e+01
1.810999999999999943e+01
1.821000000000000085e+01
1.835000000000000142e+01
1.841000000000000014e+01
1.846999999999999886e+01
1.860000000000000142e+01
1.851000000000000156e+01
1.846999999999999886e+01
1.832000000000000028e+01
1.832999999999999829e+01
1.837000000000000099e+01
1.844000000000000128e+01
1.848999999999999844e+01
1.851000000000000156e+01
1.842000000000000171e+01
1.839999999999999858e+01
1.832999999999999829e+01
1.814000000000000057e+01
1.812000000000000099e+01
1.807000000000000028e+01
1.801999999999999957e+01
1.787999999999999901e+01
1.789000000000000057e+01
1.800000000000000000e+01
1.803000000000000114e+01
1.814999999999999858e+01
1.823000000000000043e+01
1.828000000000000114e+01
1.839000000000000057e+01
1.837000000000000099e+01
1.833999999999999986e+01
1.823999999999999844e+01
1.821999999999999886e+01
1.819000000000000128e+01
1.821999999999999886e+01
1.821999999999999886e+01
1.839999999999999858e+01
1.857999999999999829e+01
1.864000000000000057e+01
1.876999999999999957e+01
1.880999999999999872e+01
1.878999999999999915e+01
1.883999999999999986e+01
1.889000000000000057e+01
1.894000000000000128e+01
1.896999999999999886e+01
1.905999999999999872e+01
1.914000000000000057e+01
1.933999999999999986e+01
1.937000000000000099e+01
1.946999999999999886e+01
1.950000000000000000e+01
1.955000000000000071e+01
1.966000000000000014e+01
1.962999999999999901e+01
1.960999999999999943e+01
1.957000000000000028e+01
1.953999999999999915e+01
1.950000000000000000e+01
1.955999999999999872e+01
1.957999999999999829e+01
1.960000000000000142e+01
1.951999999999999957e+01
1.957000000000000028e+01
1.958999999999999986e+01
1.960999999999999943e+01
1.969000000000000128e+01
1.969999999999999929e+01
1.973000000000000043e+01
1.971999999999999886e+01
1.973000000000000043e+01
1.980000000000000071e+01
1.987000000000000099e+01
1.989000000000000057e+01
1.987000000000000099e+01
1.992000000000000171e+01
1.989999999999999858e+01
1.994999999999999929e+01
1.994999999999999929e+01
2.001000000000000156e+01
2.007999999999999829e+01
2.016000000000000014e+01
2.016000000000000014e+01
2.019999999999999929e+01
2.019999999999999929e+01
2.017999999999999972e+01
2.021000000000000085e+01
2.026000000000000156e+01
2.028999999999999915e+01
2.026999999999999957e+01
2.019999999999999929e+01
2.014999999999999858e+01
2.014999999999999858e+01
2.019999999999999929e+01
2.025000000000000000e+01
2.021000000000000085e+01
2.021999999999999886e+01
2.021999999999999886e+01
2.021999999999999886e+01
2.019999999999999929e+01
2.023000000000000043e+01
2.021999999999999886e+01
2.023999999999999844e+01
2.028000000000000114e+01
2.025000000000000000e+01
2.026000000000000156e+01
2.023000000000000043e+01
2.021999999999999886e+01
2.032000000000000028e+01
2.035000000000000142e+01
2.037000000000000099e+01
2.037000000000000099e+01
2.039999999999999858e+01
2.048999999999999844e+01
2.053000000000000114e+01
2.055000000000000071e+01
2.055000000000000071e+01
2.055000000000000071e+01
2.055000000000000071e+01
2.053999999999999915e+01
2.051999999999999957e+01
2.051999999999999957e+01
2.055000000000000071e+01
2.057999999999999829e+01
2.060000000000000142e+01
2.057999999999999829e+01
2.060999999999999943e+01
2.060999999999999943e+01
2.062000000000000099e+01
2.060000000000000142e+01
2.055999999999999872e+01
2.051999999999999957e+01
2.050000000000000000e+01
2.051000000000000156e+01
2.048000000000000043e+01
2.048999999999999844e+01
2.051000000000000156e+01
2.051999999999999957e+01
2.053999999999999915e+01
2.053000000000000114e+01
2.046999999999999886e+01
2.044000000000000128e+01
2.046999999999999886e+01
2.044999999999999929e+01
2.044000000000000128e+01
2.044999999999999929e+01
2.048000000000000043e+01
2.050000000000000000e+01
2.053000000000000114e+01
2.055999999999999872e+01
2.055000000000000071e+01
2.055999999999999872e+01
2.057000000000000028e+01
2.055000000000000071e+01
2.055999999999999872e+01
2.057000000000000028e+01
2.057999999999999829e+01
