6.000000000000000000e+04
7.000000000000000000e+04
8.000000000000000000e+04
9.000000000000000000e+04
1.000000000000000000e+05
1.100000000000000000e+05
1.200000000000000000e+05
1.300000000000000000e+05
1.400000000000000000e+05
1.500000000000000000e+05
1.600000000000000000e+05
1.700000000000000000e+05
1.800000000000000000e+05
1.900000000000000000e+05
2.000000000000000000e+05
2.100000000000000000e+05
2.200000000000000000e+05
2.300000000000000000e+05
2.400000000000000000e+05
2.500000000000000000e+05
2.600000000000000000e+05
2.700000000000000000e+05
2.800000000000000000e+05
2.900000000000000000e+05
3.000000000000000000e+05
3.100000000000000000e+05
3.200000000000000000e+05
3.300000000000000000e+05
3.400000000000000000e+05
3.500000000000000000e+05
3.600000000000000000e+05
3.700000000000000000e+05
3.800000000000000000e+05
3.900000000000000000e+05
4.000000000000000000e+05
4.100000000000000000e+05
4.200000000000000000e+05
4.300000000000000000e+05
4.400000000000000000e+05
4.500000000000000000e+05
4.600000000000000000e+05
4.700000000000000000e+05
4.800000000000000000e+05
4.900000000000000000e+05
5.000000000000000000e+05
5.100000000000000000e+05
5.200000000000000000e+05
5.300000000000000000e+05
5.400000000000000000e+05
5.500000000000000000e+05
5.600000000000000000e+05
5.700000000000000000e+05
