5.100000000000000000e+05
5.200000000000000000e+05
5.300000000000000000e+05
5.400000000000000000e+05
5.500000000000000000e+05
5.600000000000000000e+05
5.700000000000000000e+05
5.800000000000000000e+05
5.900000000000000000e+05
6.000000000000000000e+05
6.100000000000000000e+05
6.200000000000000000e+05
6.300000000000000000e+05
6.400000000000000000e+05
6.500000000000000000e+05
6.600000000000000000e+05
6.700000000000000000e+05
6.800000000000000000e+05
6.900000000000000000e+05
7.000000000000000000e+05
7.100000000000000000e+05
7.200000000000000000e+05
7.300000000000000000e+05
7.400000000000000000e+05
7.500000000000000000e+05
7.600000000000000000e+05
7.700000000000000000e+05
7.800000000000000000e+05
7.900000000000000000e+05
8.000000000000000000e+05
8.100000000000000000e+05
8.200000000000000000e+05
8.300000000000000000e+05
8.400000000000000000e+05
8.500000000000000000e+05
8.600000000000000000e+05
8.700000000000000000e+05
8.800000000000000000e+05
8.900000000000000000e+05
9.000000000000000000e+05
9.100000000000000000e+05
9.200000000000000000e+05
9.300000000000000000e+05
9.400000000000000000e+05
9.500000000000000000e+05
9.600000000000000000e+05
9.700000000000000000e+05
9.800000000000000000e+05
9.900000000000000000e+05
1.000000000000000000e+06
1.010000000000000000e+06
1.020000000000000000e+06
1.030000000000000000e+06
1.040000000000000000e+06
1.050000000000000000e+06
1.060000000000000000e+06
1.070000000000000000e+06
1.080000000000000000e+06
1.090000000000000000e+06
1.100000000000000000e+06
1.110000000000000000e+06
1.120000000000000000e+06
1.130000000000000000e+06
1.140000000000000000e+06
1.150000000000000000e+06
1.160000000000000000e+06
1.170000000000000000e+06
1.180000000000000000e+06
1.190000000000000000e+06
1.200000000000000000e+06
1.210000000000000000e+06
1.220000000000000000e+06
1.230000000000000000e+06
1.240000000000000000e+06
1.250000000000000000e+06
1.260000000000000000e+06
1.270000000000000000e+06
1.280000000000000000e+06
1.290000000000000000e+06
1.300000000000000000e+06
1.310000000000000000e+06
1.320000000000000000e+06
1.330000000000000000e+06
1.340000000000000000e+06
1.350000000000000000e+06
1.360000000000000000e+06
1.370000000000000000e+06
1.380000000000000000e+06
1.390000000000000000e+06
1.400000000000000000e+06
1.410000000000000000e+06
1.420000000000000000e+06
1.430000000000000000e+06
1.440000000000000000e+06
1.450000000000000000e+06
1.460000000000000000e+06
1.470000000000000000e+06
1.480000000000000000e+06
1.490000000000000000e+06
1.500000000000000000e+06
1.510000000000000000e+06
1.520000000000000000e+06
1.530000000000000000e+06
1.540000000000000000e+06
1.550000000000000000e+06
1.560000000000000000e+06
1.570000000000000000e+06
1.580000000000000000e+06
1.590000000000000000e+06
1.600000000000000000e+06
1.610000000000000000e+06
1.620000000000000000e+06
1.630000000000000000e+06
1.640000000000000000e+06
1.650000000000000000e+06
1.660000000000000000e+06
1.670000000000000000e+06
1.680000000000000000e+06
1.690000000000000000e+06
1.700000000000000000e+06
1.710000000000000000e+06
1.720000000000000000e+06
1.730000000000000000e+06
1.740000000000000000e+06
1.750000000000000000e+06
1.760000000000000000e+06
1.770000000000000000e+06
1.780000000000000000e+06
1.790000000000000000e+06
1.800000000000000000e+06
1.810000000000000000e+06
1.820000000000000000e+06
1.830000000000000000e+06
1.840000000000000000e+06
1.850000000000000000e+06
1.860000000000000000e+06
1.870000000000000000e+06
1.880000000000000000e+06
1.890000000000000000e+06
1.900000000000000000e+06
1.910000000000000000e+06
1.920000000000000000e+06
1.930000000000000000e+06
1.940000000000000000e+06
1.950000000000000000e+06
1.960000000000000000e+06
1.970000000000000000e+06
1.980000000000000000e+06
1.990000000000000000e+06
2.000000000000000000e+06
2.010000000000000000e+06
2.020000000000000000e+06
2.030000000000000000e+06
2.040000000000000000e+06
2.050000000000000000e+06
2.060000000000000000e+06
2.070000000000000000e+06
2.080000000000000000e+06
2.090000000000000000e+06
2.100000000000000000e+06
2.110000000000000000e+06
2.120000000000000000e+06
2.130000000000000000e+06
2.140000000000000000e+06
2.150000000000000000e+06
2.160000000000000000e+06
2.170000000000000000e+06
2.180000000000000000e+06
2.190000000000000000e+06
2.200000000000000000e+06
2.210000000000000000e+06
2.220000000000000000e+06
2.230000000000000000e+06
2.240000000000000000e+06
2.250000000000000000e+06
2.260000000000000000e+06
2.270000000000000000e+06
2.280000000000000000e+06
2.290000000000000000e+06
2.300000000000000000e+06
2.310000000000000000e+06
2.320000000000000000e+06
2.330000000000000000e+06
2.340000000000000000e+06
2.350000000000000000e+06
2.360000000000000000e+06
2.370000000000000000e+06
2.380000000000000000e+06
2.390000000000000000e+06
2.400000000000000000e+06
2.410000000000000000e+06
2.420000000000000000e+06
2.430000000000000000e+06
2.440000000000000000e+06
2.450000000000000000e+06
2.460000000000000000e+06
2.470000000000000000e+06
2.480000000000000000e+06
2.490000000000000000e+06
2.500000000000000000e+06
2.510000000000000000e+06
2.520000000000000000e+06
2.530000000000000000e+06
2.540000000000000000e+06
2.550000000000000000e+06
2.560000000000000000e+06
2.570000000000000000e+06
2.580000000000000000e+06
2.590000000000000000e+06
2.600000000000000000e+06
2.610000000000000000e+06
2.620000000000000000e+06
2.630000000000000000e+06
2.640000000000000000e+06
2.650000000000000000e+06
2.660000000000000000e+06
2.670000000000000000e+06
2.680000000000000000e+06
2.690000000000000000e+06
2.700000000000000000e+06
2.710000000000000000e+06
2.720000000000000000e+06
2.730000000000000000e+06
2.740000000000000000e+06
2.750000000000000000e+06
2.760000000000000000e+06
2.770000000000000000e+06
2.780000000000000000e+06
2.790000000000000000e+06
2.800000000000000000e+06
2.810000000000000000e+06
2.820000000000000000e+06
2.830000000000000000e+06
2.840000000000000000e+06
2.850000000000000000e+06
2.860000000000000000e+06
2.870000000000000000e+06
2.880000000000000000e+06
2.890000000000000000e+06
2.900000000000000000e+06
2.910000000000000000e+06
2.920000000000000000e+06
2.930000000000000000e+06
2.940000000000000000e+06
2.950000000000000000e+06
2.960000000000000000e+06
2.970000000000000000e+06
2.980000000000000000e+06
2.990000000000000000e+06
3.000000000000000000e+06
3.010000000000000000e+06
3.020000000000000000e+06
3.030000000000000000e+06
3.040000000000000000e+06
3.050000000000000000e+06
3.060000000000000000e+06
3.070000000000000000e+06
3.080000000000000000e+06
3.090000000000000000e+06
3.100000000000000000e+06
3.110000000000000000e+06
3.120000000000000000e+06
3.130000000000000000e+06
3.140000000000000000e+06
3.150000000000000000e+06
3.160000000000000000e+06
3.170000000000000000e+06
3.180000000000000000e+06
3.190000000000000000e+06
3.200000000000000000e+06
3.210000000000000000e+06
3.220000000000000000e+06
3.230000000000000000e+06
3.240000000000000000e+06
3.250000000000000000e+06
3.260000000000000000e+06
3.270000000000000000e+06
3.280000000000000000e+06
3.290000000000000000e+06
3.300000000000000000e+06
3.310000000000000000e+06
3.320000000000000000e+06
3.330000000000000000e+06
3.340000000000000000e+06
3.350000000000000000e+06
3.360000000000000000e+06
3.370000000000000000e+06
3.380000000000000000e+06
3.390000000000000000e+06
3.400000000000000000e+06
3.410000000000000000e+06
3.420000000000000000e+06
3.430000000000000000e+06
3.440000000000000000e+06
3.450000000000000000e+06
3.460000000000000000e+06
3.470000000000000000e+06
3.480000000000000000e+06
3.490000000000000000e+06
3.500000000000000000e+06
3.510000000000000000e+06
3.520000000000000000e+06
3.530000000000000000e+06
3.540000000000000000e+06
3.550000000000000000e+06
3.560000000000000000e+06
3.570000000000000000e+06
3.580000000000000000e+06
3.590000000000000000e+06
3.600000000000000000e+06
3.610000000000000000e+06
3.620000000000000000e+06
3.630000000000000000e+06
3.640000000000000000e+06
3.650000000000000000e+06
3.660000000000000000e+06
3.670000000000000000e+06
3.680000000000000000e+06
3.690000000000000000e+06
3.700000000000000000e+06
3.710000000000000000e+06
3.720000000000000000e+06
3.730000000000000000e+06
3.740000000000000000e+06
3.750000000000000000e+06
3.760000000000000000e+06
3.770000000000000000e+06
3.780000000000000000e+06
3.790000000000000000e+06
3.800000000000000000e+06
3.810000000000000000e+06
3.820000000000000000e+06
3.830000000000000000e+06
3.840000000000000000e+06
3.850000000000000000e+06
3.860000000000000000e+06
3.870000000000000000e+06
3.880000000000000000e+06
3.890000000000000000e+06
3.900000000000000000e+06
3.910000000000000000e+06
3.920000000000000000e+06
3.930000000000000000e+06
3.940000000000000000e+06
3.950000000000000000e+06
3.960000000000000000e+06
3.970000000000000000e+06
3.980000000000000000e+06
3.990000000000000000e+06
4.000000000000000000e+06
4.010000000000000000e+06
4.020000000000000000e+06
4.030000000000000000e+06
4.040000000000000000e+06
4.050000000000000000e+06
4.060000000000000000e+06
4.070000000000000000e+06
4.080000000000000000e+06
4.090000000000000000e+06
4.100000000000000000e+06
4.110000000000000000e+06
4.120000000000000000e+06
4.130000000000000000e+06
4.140000000000000000e+06
4.150000000000000000e+06
4.160000000000000000e+06
4.170000000000000000e+06
4.180000000000000000e+06
4.190000000000000000e+06
4.200000000000000000e+06
4.210000000000000000e+06
4.220000000000000000e+06
4.230000000000000000e+06
4.240000000000000000e+06
4.250000000000000000e+06
4.260000000000000000e+06
4.270000000000000000e+06
4.280000000000000000e+06
4.290000000000000000e+06
4.300000000000000000e+06
4.310000000000000000e+06
4.320000000000000000e+06
4.330000000000000000e+06
4.340000000000000000e+06
4.350000000000000000e+06
4.360000000000000000e+06
4.370000000000000000e+06
4.380000000000000000e+06
4.390000000000000000e+06
4.400000000000000000e+06
4.410000000000000000e+06
4.420000000000000000e+06
4.430000000000000000e+06
4.440000000000000000e+06
4.450000000000000000e+06
4.460000000000000000e+06
4.470000000000000000e+06
4.480000000000000000e+06
4.490000000000000000e+06
4.500000000000000000e+06
4.510000000000000000e+06
4.520000000000000000e+06
4.530000000000000000e+06
4.540000000000000000e+06
4.550000000000000000e+06
4.560000000000000000e+06
4.570000000000000000e+06
4.580000000000000000e+06
4.590000000000000000e+06
4.600000000000000000e+06
4.610000000000000000e+06
4.620000000000000000e+06
4.630000000000000000e+06
4.640000000000000000e+06
4.650000000000000000e+06
4.660000000000000000e+06
4.670000000000000000e+06
4.680000000000000000e+06
4.690000000000000000e+06
4.700000000000000000e+06
4.710000000000000000e+06
4.720000000000000000e+06
4.730000000000000000e+06
4.740000000000000000e+06
4.750000000000000000e+06
4.760000000000000000e+06
4.770000000000000000e+06
4.780000000000000000e+06
4.790000000000000000e+06
4.800000000000000000e+06
4.810000000000000000e+06
4.820000000000000000e+06
4.830000000000000000e+06
4.840000000000000000e+06
4.850000000000000000e+06
4.860000000000000000e+06
4.870000000000000000e+06
4.880000000000000000e+06
4.890000000000000000e+06
4.900000000000000000e+06
4.910000000000000000e+06
4.920000000000000000e+06
4.930000000000000000e+06
4.940000000000000000e+06
4.950000000000000000e+06
4.960000000000000000e+06
4.970000000000000000e+06
4.980000000000000000e+06
4.990000000000000000e+06
5.000000000000000000e+06
5.010000000000000000e+06
5.020000000000000000e+06
5.030000000000000000e+06
5.040000000000000000e+06
5.050000000000000000e+06
5.060000000000000000e+06
5.070000000000000000e+06
5.080000000000000000e+06
5.090000000000000000e+06
5.100000000000000000e+06
5.110000000000000000e+06
5.120000000000000000e+06
5.130000000000000000e+06
5.140000000000000000e+06
5.150000000000000000e+06
5.160000000000000000e+06
5.170000000000000000e+06
5.180000000000000000e+06
5.190000000000000000e+06
5.200000000000000000e+06
5.210000000000000000e+06
5.220000000000000000e+06
5.230000000000000000e+06
5.240000000000000000e+06
5.250000000000000000e+06
5.260000000000000000e+06
5.270000000000000000e+06
5.280000000000000000e+06
5.290000000000000000e+06
5.300000000000000000e+06
5.310000000000000000e+06
5.320000000000000000e+06
5.330000000000000000e+06
5.340000000000000000e+06
5.350000000000000000e+06
5.360000000000000000e+06
5.370000000000000000e+06
5.380000000000000000e+06
5.390000000000000000e+06
5.400000000000000000e+06
5.410000000000000000e+06
5.420000000000000000e+06
5.430000000000000000e+06
5.440000000000000000e+06
5.450000000000000000e+06
5.460000000000000000e+06
5.470000000000000000e+06
5.480000000000000000e+06
5.490000000000000000e+06
5.500000000000000000e+06
5.510000000000000000e+06
5.520000000000000000e+06
5.530000000000000000e+06
5.540000000000000000e+06
5.550000000000000000e+06
5.560000000000000000e+06
5.570000000000000000e+06
5.580000000000000000e+06
5.590000000000000000e+06
5.600000000000000000e+06
5.610000000000000000e+06
5.620000000000000000e+06
5.630000000000000000e+06
5.640000000000000000e+06
5.650000000000000000e+06
5.660000000000000000e+06
5.670000000000000000e+06
5.680000000000000000e+06
5.690000000000000000e+06
5.700000000000000000e+06
5.710000000000000000e+06
5.720000000000000000e+06
5.730000000000000000e+06
5.740000000000000000e+06
5.750000000000000000e+06
5.760000000000000000e+06
5.770000000000000000e+06
5.780000000000000000e+06
5.790000000000000000e+06
5.800000000000000000e+06
5.810000000000000000e+06
5.820000000000000000e+06
5.830000000000000000e+06
5.840000000000000000e+06
5.850000000000000000e+06
5.860000000000000000e+06
5.870000000000000000e+06
5.880000000000000000e+06
5.890000000000000000e+06
5.900000000000000000e+06
5.910000000000000000e+06
5.920000000000000000e+06
5.930000000000000000e+06
5.940000000000000000e+06
5.950000000000000000e+06
5.960000000000000000e+06
5.970000000000000000e+06
5.980000000000000000e+06
5.990000000000000000e+06
6.000000000000000000e+06
6.010000000000000000e+06
6.020000000000000000e+06
6.030000000000000000e+06
6.040000000000000000e+06
6.050000000000000000e+06
6.060000000000000000e+06
6.070000000000000000e+06
6.080000000000000000e+06
6.090000000000000000e+06
6.100000000000000000e+06
6.110000000000000000e+06
6.120000000000000000e+06
6.130000000000000000e+06
6.140000000000000000e+06
6.150000000000000000e+06
6.160000000000000000e+06
6.170000000000000000e+06
6.180000000000000000e+06
6.190000000000000000e+06
6.200000000000000000e+06
6.210000000000000000e+06
6.220000000000000000e+06
6.230000000000000000e+06
6.240000000000000000e+06
6.250000000000000000e+06
6.260000000000000000e+06
6.270000000000000000e+06
6.280000000000000000e+06
6.290000000000000000e+06
6.300000000000000000e+06
6.310000000000000000e+06
6.320000000000000000e+06
6.330000000000000000e+06
6.340000000000000000e+06
6.350000000000000000e+06
6.360000000000000000e+06
6.370000000000000000e+06
6.380000000000000000e+06
6.390000000000000000e+06
6.400000000000000000e+06
6.410000000000000000e+06
6.420000000000000000e+06
6.430000000000000000e+06
6.440000000000000000e+06
6.450000000000000000e+06
6.460000000000000000e+06
6.470000000000000000e+06
6.480000000000000000e+06
6.490000000000000000e+06
6.500000000000000000e+06
6.510000000000000000e+06
6.520000000000000000e+06
6.530000000000000000e+06
6.540000000000000000e+06
6.550000000000000000e+06
6.560000000000000000e+06
6.570000000000000000e+06
6.580000000000000000e+06
6.590000000000000000e+06
6.600000000000000000e+06
6.610000000000000000e+06
6.620000000000000000e+06
6.630000000000000000e+06
6.640000000000000000e+06
6.650000000000000000e+06
6.660000000000000000e+06
6.670000000000000000e+06
6.680000000000000000e+06
6.690000000000000000e+06
6.700000000000000000e+06
6.710000000000000000e+06
6.720000000000000000e+06
6.730000000000000000e+06
6.740000000000000000e+06
6.750000000000000000e+06
6.760000000000000000e+06
6.770000000000000000e+06
6.780000000000000000e+06
6.790000000000000000e+06
6.800000000000000000e+06
6.810000000000000000e+06
6.820000000000000000e+06
6.830000000000000000e+06
6.840000000000000000e+06
6.850000000000000000e+06
6.860000000000000000e+06
6.870000000000000000e+06
6.880000000000000000e+06
6.890000000000000000e+06
6.900000000000000000e+06
6.910000000000000000e+06
6.920000000000000000e+06
6.930000000000000000e+06
6.940000000000000000e+06
6.950000000000000000e+06
6.960000000000000000e+06
6.970000000000000000e+06
6.980000000000000000e+06
6.990000000000000000e+06
7.000000000000000000e+06
7.010000000000000000e+06
7.020000000000000000e+06
7.030000000000000000e+06
7.040000000000000000e+06
7.050000000000000000e+06
7.060000000000000000e+06
7.070000000000000000e+06
7.080000000000000000e+06
7.090000000000000000e+06
7.100000000000000000e+06
